13
14
32
36
59
60
62
70
82
90
103
135
139
149
152
174
183
193
197
206
208
220
233
249
268
276
277
285
289
294
313
326
328
334
344
350
350
359
367
383
402
407
416
419
420
446
467
472
475
483
510
511
518
535
540
550
558
559
581
599
625
633
648
672
673
684
707
713
714
738
739
756
759
765
774
779
799
800
816
817
820
821
834
856
861
883
889
891
892
896
896
898
899
904
927
927
931
935
938
943
961
974
985
986
1001
1001
1007
1011
1032
1049
1053
1055
1063
1067
1072
1073
1077
1089
1094
1097
1104
1107
1130
1133
1143
1144
1149
1158
1159
1161
1163
1171
1173
1185
1204
1220
1220
1238
1278
1284
1286
1286
1290
1300
1322
1329
1330
1345
1354
1356
1365
1369
1370
1372
1378
1382
1398
1404
1405
1412
1430
1430
1434
1435
1443
1446
1449
1459
1462
1466
1475
1482
1495
1499
1506
1513
1527
1527
1550
1558
1563
1572
1603
1610
1612
1644
1645
1660
1666
1671
1673
1688
1698
1701
1716
1719
1724
1739
1754
1774
1784
1791
1809
1832
1848
1868
1906
1910
1912
1942
1953
1977
1985
2007
2016
2077
2082
2094
2123
2124
2143
2154
2167
2177
2184
2204
2206
2212
2215
2239
2261
2276
2280
2281
2285
2298
2308
2313
2315
2331
2340
2342
2345
2360
2369
2379
2379
2379
2389
2423
2426
2432
2444
2453
2482
2492
2498
2518
2538
2544
2550
2552
2565
2569
2594
2612
2626
2644
2647
2656
2660
2667
2668
2677
2680
2686
2702
2704
2709
2720
2726
2730
2734
2734
2744
2754
2759
2762
2776
2779
2784
2802
2802
2807
2815
2829
2829
2839
2843
2875
2886
2891
2895
2905
2906
2931
2932
2932
2953
2960
2961
2975
2988
3002
3013
3037
3041
3049
3053
3071
3071
3083
3098
3099
3118
3131
3143
3147
3153
3157
3158
3173
3179
3180
3181
3182
3204
3206
3211
3212
3212
3217
3227
3233
3254
3267
3275
3279
3289
3290
3306
3306
3308
3333
3341
3362
3379
3379
3404
3443
3445
3448
3484
3506
3515
3518
3534
3539
3541
3542
3544
3553
3571
3573
3576
3585
3591
3592
3597
3598
3625
3631
3637
3641
3647
3650
3658
3659
3669
3676
3683
3685
3695
3703
3718
3729
3748
3748
3764
3783
3811
3817
3822
3824
3830
3832
3836
3856
3867
3872
3882
3889
3892
3897
3898
3905
3922
3925
3928
3935
3945
3952
3969
3984
4000
4004
4012
4022
4023
4037
4037
4052
4054
4067
4085
4102
4111
4112
4126
4127
4135
4157
4174
4174
4175
4176
4177
4179
4206
4210
4211
4213
4216
4234
4244
4248
4257
4270
4281
4303
4319
4346
4358
4363
4369
4416
4419
4421
4440
4443
4446
4449
4474
4482
4502
4504
4509
4515
4533
4541
4548
4552
4556
4556
4563
4584
4608
4611
4624
4628
4629
4632
4633
4634
4653
4659
4678
4682
4716
4720
4784
4788
4807
4815
4830
4830
4862
4864
4880
4885
4885
4898
4905
4907
4909
4931
4931
4932
4932
4937
4945
4956
4958
4964
4970
4974
4985
4991
5002
5005
5009
5022
5024
5027
5035
5036
5040
5050
5051
5051
5072
5087
5108
5113
5124
5125
5135
5152
5162
5167
5176
5176
5203
5212
5233
5233
5234
5246
5256
5302
5313
5320
5325
5330
5336
5394
5422
5432
5438
5438
5448
5467
5471
5473
5482
5487
5491
5506
5509
5512
5518
5527
5545
5548
5558
5566
5570
5598
5611
5626
5628
5630
5638
5643
5646
5650
5661
5667
5676
5738
5738
5743
5773
5791
5791
5805
5811
5813
5815
5815
5827
5830
5832
5839
5846
5848
5857
5870
5886
5889
5908
5940
5981
5994
6002
6003
6004
6013
6028
6036
6040
6064
6071
6096
6101
6107
6132
6136
6149
6149
6171
6176
6187
6204
6216
6219
6234
6248
6269
6272
6305
6312
6314
6316
6327
6333
6338
6342
6348
6373
6389
6393
6400
6409
6410
6425
6426
6427
6432
6434
6437
6442
6449
6452
6467
6471
6480
6483
6486
6487
6489
6505
6511
6512
6523
6547
6547
6558
6562
6568
6595
6609
6617
6642
6648
6650
6661
6683
6686
6714
6761
6799
6807
6811
6853
6859
6875
6893
6897
6901
6906
6911
6934
6936
6946
6953
6953
6957
6968
6972
6981
6985
6989
6998
7002
7018
7020
7022
7054
7061
7066
7067
7068
7083
7095
7115
7115
7123
7131
7132
7134
7136
7140
7152
7158
7170
7174
7190
7190
7190
7193
7207
7214
7217
7220
7223
7239
7240
7242
7251
7254
7258
7259
7265
7271
7271
7335
7344
7345
7383
7388
7401
7401
7415
7420
7425
7426
7437
7448
7464
7469
7485
7492
7500
7514
7517
7518
7522
7532
7535
7543
7544
7562
7564
7587
7587
7589
7592
7604
7607
7608
7611
7618
7619
7622
7633
7635
7647
7649
7682
7688
7689
7707
7707
7719
7724
7726
7730
7732
7753
7755
7757
7779
7782
7789
7789
7790
7808
7844
7848
7874
7875
7875
7881
7901
7904
7914
7915
7928
7931
7933
7934
7936
7960
7967
7968
7973
7974
7976
7979
7984
7999
8007
8022
8033
8038
8046
8053
8072
8076
8079
8081
8099
8103
8114
8126
8132
8132
8149
8152
8152
8157
8174
8198
8206
8209
8213
8213
8240
8249
8293
8294
8312
8327
8342
8345
8360
8367
8391
8396
8423
8433
8448
8459
8466
8467
8472
8477
8498
8511
8511
8527
8545
8551
8578
8581
8586
8588
8609
8617
8620
8642
8642
8661
8669
8678
8680
8691
8696
8710
8710
8745
8747
8757
8778
8782
8784
8800
8811
8813
8818
8826
8834
8844
8848
8857
8858
8875
8880
8887
8903
8912
8916
8918
8925
8927
8928
8935
8948
8950
8962
8991
9051
9055
9067
9068
9072
9073
9121
9130
9148
9170
9183
9186
9187
9190
9192
9207
9212
9240
9254
9255
9295
9297
9299
9349
9350
9360
9364
9366
9380
9389
9390
9390
9395
9422
9423
9423
9440
9447
9475
9484
9491
9517
9530
9533
9554
9571
9590
9592
9614
9616
9619
9657
9663
9665
9669
9673
9680
9686
9692
9699
9720
9724
9749
9764
9768
9775
9778
9808
9819
9825
9825
9831
9846
9849
9861
9865
9866
9869
9870
9896
9898
9900
9930
9944
9967
9975
9980
9981
10002
10015
10020
10025
10036
10041
10047
10064
10064
10107
10112
10142
10143
10196
10205
10221
10226
10234
10235
10255
10274
10278
10303
10314
10318
10328
10341
10348
10351
10352
10352
10366
10370
10390
10396
10441
10473
10477
10484
10503
10508
10522
10539
10556
10556
10557
10561
10610
10612
10621
10639
10654
10654
10680
10717
10717
10724
10725
10733
10733
10740
10763
10774
10777
10798
10798
10814
10830
10846
10862
10863
10886
10898
10902
10903
10947
10954
10958
11000
11003
11004
11004
11026
11033
11038
11055
11067
11067
11068
11077
11086
11110
11131
11133
11147
11156
11161
11170
11174
11181
11216
11223
11234
11241
11248
11252
11256
11266
11288
11291
11307
11311
11320
11328
11359
11397
11434
11436
11458
11465
11471
11489
11489
11533
11541
11569
11575
11599
11601
11617
11619
11627
11635
11640
11661
11670
11699
11714
11738
11752
11757
11772
11774
11779
11781
11789
11793
11829
11867
11868
11868
11879
11903
11909
11912
11921
11939
11942
11952
11953
11964
11969
11982
12021
12025
12029
12032
12033
12048
12069
12086
12089
12091
12093
12111
12125
12168
12177
12184
12191
12223
12229
12239
12241
12246
12253
12259
12280
12302
12307
12316
12322
12327
12335
12336
12339
12392
12402
12407
12410
12421
12439
12456
12464
12471
12500
12522
12524
12527
12549
12567
12568
12570
12580
12581
12596
12602
12621
12624
12656
12661
12666
12676
12679
12712
12713
12721
12724
12725
12737
12746
12746
12760
12767
12769
12792
12795
12795
12796
12796
12797
12797
12800
12813
12817
12824
12843
12852
12857
12862
12865
12866
12902
12904
12904
12909
12911
12919
12922
12954
12985
13000
13009
13009
13010
13017
13027
13027
13032
13055
13069
13073
13074
13099
13104
13121
13128
13135
13159
13175
13177
13196
13208
13240
13251
13282
13285
13287
13289
13290
13293
13293
13300
13308
13332
13335
13343
13353
13353
13355
13360
13369
13386
13387
13434
13451
13454
13454
13455
13457
13471
13530
13532
13537
13540
13542
13545
13552
13560
13578
13582
13588
13589
13592
13598
13601
13611
13616
13620
13621
13634
13636
13638
13640
13667
13679
13682
13689
13689
13696
13699
13710
13713
13746
13752
13777
13780
13792
13824
13838
13840
13852
13856
13865
13868
13880
13921
13951
13951
13953
13982
14000
14007
14012
14022
14032
14042
14045
14048
14049
14050
14058
14065
14084
14089
14098
14103
14112
14113
14124
14132
14153
14157
14160
14163
14165
14165
14166
14175
14182
14187
14191
14203
14207
14207
14220
14221
14227
14232
14236
14237
14252
14263
14265
14270
14274
14282
14296
14301
14303
14327
14336
14354
14357
14361
14369
14380
14388
14397
14401
14444
14453
14463
14496
14501
14512
14516
14517
14534
14546
14552
14567
14568
14568
14584
14586
14600
14611
14612
14614
14629
14631
14639
14650
14651
14651
14654
14661
14676
14684
14694
14707
14721
14726
14733
14735
14763
14791
14809
14809
14819
14849
14856
14859
14892
14918
14921
14931
14944
14980
14989
14990
15003
15007
15014
15019
15032
15037
15045
15047
15085
15109
15118
15126
15128
15134
15137
15164
15170
15176
15182
15182
15185
15187
15192
15192
15192
15194
15205
15213
15222
15254
15262
15278
15283
15329
15334
15338
15347
15354
15364
15373
15394
15399
15418
15418
15425
15432
15446
15454
15475
15480
15499
15504
15508
15509
15512
15521
15531
15547
15547
15557
15567
15584
15596
15599
15604
15613
15657
15673
15701
15704
15710
15722
15723
15725
15729
15730
15734
15740
15741
15746
15751
15753
15757
15762
15762
15770
15779
15779
15803
15827
15835
15837
15840
15844
15848
15849
15867
15871
15880
15880
15896
15903
15931
15957
15974
15983
15995
16037
16046
16052
16068
16073
16077
16078
16084
16094
16101
16109
16110
16122
16126
16131
16137
16143
16149
16164
16170
16181
16199
16211
16211
16236
16245
16257
16259
16279
16282
16295
16312
16313
16313
16322
16362
16366
16369
16377
16382
16391
16412
16413
16423
16434
16441
16444
16446
16461
16461
16464
16469
16479
16489
16499
16502
16503
16507
16514
16517
16525
16527
16531
16536
16556
16557
16563
16580
16589
16608
16618
16647
16648
16668
16673
16674
16676
16709
16710
16714
16715
16774
16783
16792
16807
16855
16859
16911
16933
16934
16943
16978
16980
16983
16992
17009
17023
17026
17037
17039
17049
17052
17059
17076
17080
17089
17110
17118
17126
17131
17135
17153
17174
17176
17182
17197
17205
17223
17229
17230
17236
17252
17253
17274
17280
17281
17281
17305
17306
17319
17329
17334
17335
17349
17353
17356
17371
17382
17414
17443
17447
17454
17469
17479
17488
17511
17515
17532
17549
17555
17557
17571
17573
17575
17582
17598
17606
17607
17611
17612
17626
17633
17647
17678
17685
17718
17720
17731
17743
17751
17752
17760
17766
17778
17805
17812
17815
17817
17821
17830
17832
17842
17861
17862
17863
17877
17891
17891
17917
17953
17953
17957
17972
17975
17983
18004
18011
18014
18020
18032
18040
18053
18053
18083
18086
18090
18101
18112
18113
18115
18133
18140
18146
18166
18170
18171
18216
18219
18225
18231
18257
18260
18264
18267
18287
18295
18299
18316
18317
18335
18341
18343
18355
18357
18357
18365
18368
18384
18406
18421
18430
18431
18440
18456
18472
18476
18479
18498
18505
18507
18513
18522
18527
18536
18537
18540
18551
18574
18576
18588
18607
18623
18631
18643
18652
18656
18685
18689
18690
18712
18731
18739
18748
18757
18780
18807
18814
18824
18827
18854
18874
18876
18881
18906
18909
18913
18938
18942
18943
18943
18944
18959
18961
18962
18965
18969
18974
18985
18993
18994
19007
19008
19028
19029
19046
19047
19051
19072
19086
19091
19092
19097
19105
19110
19114
19117
19130
19133
19144
19165
19201
19212
19228
19228
19238
19242
19251
19253
19254
19284
19288
19294
19305
19308
19322
19329
19329
19334
19371
19382
19386
19413
19423
19430
19447
19463
19466
19475
19477
19491
19492
19504
19509
19532
19533
19539
19540
19547
19553
19574
19574
19602
19603
19605
19616
19616
19618
19618
19621
19625
19628
19628
19641
19650
19661
19673
19685
19687
19690
19693
19700
19708
19722
19725
19736
19754
19757
19766
19794
19805
19807
19810
19816
19840
19847
19852
19867
19871
19872
19895
19896
19909
19912
19925
19926
19941
19944
19945
19949
19949
19976
19986
20012
20014
20019
20024
20026
20028
20033
20041
20068
20081
20109
20128
20142
20144
20149
20209
20221
20226
20227
20235
20239
20260
20265
20279
20284
20294
20297
20297
20305
20311
20320
20330
20331
20341
20381
20383
20384
20389
20390
20400
20406
20423
20425
20435
20441
20452
20474
20483
20510
20510
20526
20547
20553
20559
20579
20582
20602
20608
20632
20649
20651
20657
20666
20699
20710
20722
20726
20738
20746
20762
20774
20785
20791
20821
20833
20840
20842
20847
20850
20852
20857
20868
20893
20904
20920
20926
20940
20949
20950
20964
20971
20985
20987
21006
21035
21037
21041
21054
21054
21064
21067
21073
21101
21104
21111
21112
21132
21160
21162
21181
21186
21198
21201
21207
21220
21243
21258
21262
21263
21277
21286
21294
21307
21325
21330
21331
21332
21345
21356
21375
21381
21406
21407
21438
21448
21471
21482
21496
21497
21519
21523
21527
21535
21547
21574
21588
21598
21609
21616
21621
21648
21648
21654
21662
21675
21675
21677
21677
21688
21688
21697
21714
21719
21730
21734
21737
21740
21753
21760
21762
21764
21771
21780
21784
21791
21832
21843
21846
21847
21852
21876
21876
21888
21905
21907
21908
21914
21915
21915
21929
21955
21984
21984
21990
21995
21998
22002
22015
22024
22033
22037
22047
22058
22059
22066
22068
22076
22078
22078
22082
22085
22085
22087
22092
22115
22118
22132
22141
22165
22173
22175
22193
22201
22219
22221
22241
22248
22256
22263
22272
22278
22281
22287
22307
22331
22354
22357
22365
22404
22407
22407
22408
22421
22479
22482
22489
22493
22497
22501
22521
22532
22574
22575
22581
22583
22592
22608
22625
22629
22633
22639
22641
22656
22667
22684
22710
22713
22714
22715
22720
22752
22768
22784
22814
22815
22826
22826
22828
22833
22834
22839
22849
22858
22867
22879
22912
22918
22923
22925
22939
22951
22954
22958
22961
22961
22961
22972
22973
22974
22980
22981
22984
22988
22996
23017
23028
23029
23029
23059
23073
23085
23088
23088
23098
23104
23118
23125
23138
23148
23159
23167
23168
23172
23195
23202
23224
23231
23235
23244
23259
23279
23282
23296
23307
23308
23326
23336
23342
23356
23356
23358
23360
23362
23367
23390
23400
23406
23407
23435
23462
23471
23487
23495
23507
23526
23528
23530
23542
23544
23547
23547
23556
23564
23575
23576
23590
23595
23619
23629
23633
23638
23638
23644
23652
23662
23671
23681
23685
23698
23729
23732
23748
23753
23756
23761
23763
23763
23764
23765
23783
23789
23818
23831
23832
23835
23848
23866
23878
23910
23928
23936
23942
23951
23978
23987
23987
23989
23995
24013
24020
24021
24037
24049
24067
24084
24092
24098
24099
24105
24105
24106
24109
24144
24146
24148
24150
24151
24152
24161
24164
24180
24203
24213
24218
24221
24225
24226
24229
24232
24238
24255
24263
24264
24275
24287
24291
24296
24302
24303
24304
24304
24307
24314
24324
24329
24342
24345
24353
24366
24370
24372
24388
24409
24414
24436
24456
24486
24489
24490
24491
24517
24518
24527
24551
24554
24561
24572
24580
24587
24608
24611
24642
24644
24645
24648
24656
24689
24701
24702
24725
24731
24764
24772
24778
24784
24785
24789
24824
24827
24832
24837
24839
24850
24854
24875
24877
24878
24904
24911
24916
24934
24934
24937
24943
24964
24967
24972
24994
25011
25021
25032
25040
25069
25073
25090
25105
25110
25136
25147
25166
25172
25180
25180
25186
25192
25196
25208
25220
25242
25254
25257
25289
25313
25329
25338
25344
25371
25391
25397
25417
25418
25435
25437
25456
25469
25474
25477
25483
25505
25550
25565
25569
25579
25593
25593
25594
25621
25621
25622
25638
25641
25643
25650
25654
25655
25659
25669
25709
25715
25744
25793
25825
25827
25841
25845
25850
25868
25870
25875
25875
25894
25900
25902
25906
25915
25921
25932
25933
25934
25947
25948
25950
25956
25957
25966
25974
25978
25987
25999
26002
26006
26006
26007
26011
26019
26029
26038
26054
26058
26065
26088
26092
26124
26130
26135
26138
26150
26157
26166
26172
26184
26185
26188
26195
26210
26214
26216
26226
26238
26244
26256
26260
26261
26283
26283
26291
26292
26297
26303
26308
26337
26355
26361
26366
26375
26399
26405
26405
26429
26441
26441
26449
26469
26476
26498
26500
26501
26510
26519
26550
26564
26569
26570
26585
26591
26595
26607
26609
26613
26626
26627
26631
26635
26648
26654
26660
26678
26692
26699
26716
26718
26722
26741
26746
26751
26764
26769
26771
26774
26781
26785
26787
26804
26805
26813
26821
26838
26840
26865
26872
26879
26882
26884
26911
26913
26932
26933
26943
26955
26972
26984
26993
27019
27041
27045
27055
27085
27094
27105
27115
27120
27134
27136
27152
27157
27160
27172
27173
27182
27197
27199
27223
27226
27229
27242
27242
27254
27291
27298
27335
27344
27385
27386
27413
27438
27442
27444
27458
27473
27481
27504
27524
27534
27548
27575
27585
27587
27610
27639
27650
27653
27654
27659
27675
27682
27688
27689
27698
27711
27715
27728
27733
27747
27747
27749
27750
27753
27775
27817
27825
27835
27837
27850
27856
27857
27860
27871
27886
27888
27928
27943
27947
27949
27952
27956
27966
27977
28005
28006
28011
28041
28048
28050
28056
28072
28072
28100
28111
28121
28150
28163
28181
28196
28215
28219
28227
28236
28293
28302
28315
28317
28325
28345
28356
28372
28375
28380
28392
28397
28400
28402
28411
28414
28418
28420
28435
28443
28450
28471
28475
28476
28478
28478
28480
28495
28518
28520
28548
28565
28567
28605
28625
28629
28633
28635
28658
28675
28680
28695
28701
28720
28742
28754
28761
28767
28780
28793
28802
28807
28811
28822
28822
28829
28835
28856
28862
28862
28864
28874
28875
28881
28886
28897
28899
28910
28923
28939
28944
28951
28990
28993
29005
29014
29014
29030
29041
29042
29053
29057
29081
29086
29094
29097
29105
29121
29125
29133
29144
29145
29145
29146
29150
29154
29178
29181
29192
29201
29206
29219
29235
29245
29258
29259
29270
29276
29276
29286
29302
29307
29310
29315
29318
29322
29324
29325
29350
29384
29403
29423
29443
29447
29450
29453
29463
29468
29489
29490
29493
29495
29505
29511
29542
29547
29548
29549
29558
29565
29571
29591
29633
29649
29658
29675
29732
29744
29746
29759
29793
29793
29806
29822
29823
29826
29827
29846
29853
29858
29859
29897
29906
29913
29915
29916
29918
29918
29918
29926
29950
29954
29956
29958
29970
29970
29976
29982
29987
30003
30021
30025
30038
30049
30054
30076
30112
30127
30133
30139
30143
30143
30148
30168
30177
30181
30204
30215
30217
30220
30222
30225
30234
30251
30259
30266
30275
30276
30278
30292
30317
30335
30351
30360
30371
30380
30395
30405
30423
30432
30446
30453
30465
30470
30476
30489
30489
30535
30539
30544
30545
30554
30557
30557
30577
30585
30603
30616
30628
30637
30642
30651
30663
30667
30680
30682
30688
30689
30714
30730
30732
30737
30741
30752
30765
30767
30780
30795
30812
30824
30834
30848
30855
30861
30862
30905
30908
30914
30933
30935
30937
30947
30964
30981
30988
30994
30995
31018
31032
31037
31050
31054
31062
31062
31063
31074
31097
31111
31115
31124
31143
31163
31195
31206
31208
31212
31221
31225
31227
31236
31257
31273
31276
31284
31305
31308
31317
31321
31328
31331
31346
31359
31364
31372
31385
31391
31397
31411
31412
31427
31449
31450
31458
31459
31461
31468
31474
31479
31480
31502
31519
31526
31532
31533
31536
31538
31547
31548
31571
31571
31571
31578
31596
31622
31629
31639
31648
31685
31697
31742
31746
31746
31754
31759
31766
31775
31776
31816
31842
31847
31856
31891
31910
31916
31920
31926
31933
31955
31961
31966
31975
31975
31984
31984
31992
32004
32009
32028
32031
32054
32058
32060
32065
32070
32073
32099
32100
32116
32122
32126
32128
32133
32143
32144
32145
32159
32162
32169
32171
32173
32175
32181
32215
32219
32228
32229
32245
32247
32274
32277
32285
32290
32304
32311
32313
32313
32315
32319
32345
32349
32356
32356
32358
32368
32373
32390
32395
32402
32416
32421
32435
32453
32456
32471
32487
32503
32508
32515
32517
32522
32527
32528
32530
32531
32541
32542
32560
32563
32568
32575
32575
32583
32585
32589
32593
32629
32634
32640
32640
32648
32648
32653
32677
32687
32688
32696
32723
32724
32750
32759
32770
32771
32773
32775
32794
32800
32811
32813
32816
32834
32836
32841
32847
32856
32858
32865
32897
32925
32925
32942
32942
32947
32948
32948
32964
32966
32977
32978
32982
32987
32991
32998
33003
33005
33016
33021
33030
33061
33066
33079
33082
33083
33090
33092
33100
33100
33100
33112
33134
33137
33146
33158
33176
33186
33191
33202
33204
33206
33211
33224
33237
33257
33258
33262
33263
33302
33320
33337
33347
33357
33382
33391
33391
33399
33414
33424
33451
33452
33469
33488
33491
33504
33528
33529
33531
33560
33571
33574
33578
33579
33590
33594
33596
33605
33611
33613
33632
33640
33641
33647
33664
33679
33691
33692
33751
33755
33778
33800
33802
33813
33839
33840
33840
33840
33866
33876
33877
33879
33882
33891
33905
33906
33918
33929
33934
33944
33948
33972
33973
33975
33977
33979
34009
34018
34037
34038
34040
34045
34049
34056
34066
34067
34069
34070
34097
34123
34147
34154
34168
34213
34229
34234
34250
34286
34288
34289
34327
34334
34341
34344
34349
34351
34352
34372
34375
34390
34401
34403
34404
34421
34425
34437
34445
34448
34467
34473
34474
34484
34487
34488
34508
34517
34521
34537
34546
34553
34575
34601
34610
34645
34660
34663
34690
34706
34715
34716
34716
34743
34754
34757
34758
34781
34796
34797
34826
34827
34828
34850
34877
34887
34897
34906
34906
34922
34927
34943
34948
34953
34956
34970
34975
34989
34994
34994
35005
35007
35007
35009
35016
35022
35030
35042
35043
35050
35053
35062
35081
35106
35115
35117
35118
35124
35129
35136
35138
35143
35149
35156
35185
35199
35200
35202
35214
35219
35220
35221
35227
35241
35247
35257
35273
35293
35294
35299
35303
35318
35321
35331
35337
35338
35345
35345
35349
35349
35355
35362
35369
35371
35377
35406
35409
35419
35437
35447
35479
35483
35486
35497
35504
35507
35509
35523
35529
35537
35579
35580
35599
35600
35602
35615
35619
35623
35638
35644
35647
35648
35656
35671
35673
35674
35691
35691
35714
35738
35756
35762
35768
35779
35804
35812
35827
35852
35853
35863
35869
35879
35884
35884
35894
35898
35930
35933
35939
35941
35941
35941
35943
35945
35949
35963
35981
35987
35992
36003
36011
36022
36034
36039
36050
36055
36055
36061
36066
36067
36072
36077
36084
36093
36098
36101
36106
36113
36123
36142
36145
36146
36151
36156
36157
36164
36170
36177
36183
36184
36189
36200
36205
36206
36215
36220
36236
36244
36245
36247
36252
36254
36254
36257
36272
36285
36291
36292
36295
36301
36307
36324
36327
36351
36352
36352
36356
36371
36379
36384
36385
36386
36393
36404
36412
36418
36436
36452
36453
36465
36469
36479
36492
36492
36497
36505
36506
36511
36514
36519
36539
36544
36574
36579
36585
36591
36594
36612
36619
36622
36638
36666
36692
36694
36746
36767
36773
36777
36780
36800
36803
36817
36822
36833
36839
36841
36842
36857
36887
36907
36910
36917
36923
36924
36932
36932
36943
36950
36952
36966
36968
36991
36992
36994
36998
37001
37011
37020
37035
37040
37047
37058
37089
37090
37112
37119
37171
37183
37184
37199
37205
37231
37231
37233
37264
37279
37284
37288
37298
37313
37322
37326
37340
37347
37365
37407
37410
37416
37418
37425
37437
37443
37469
37469
37482
37499
37505
37516
37529
37529
37548
37550
37559
37569
37575
37578
37581
37586
37599
37619
37629
37630
37635
37643
37646
37668
37673
37700
37702
37712
37716
37724
37735
37741
37744
37753
37768
37771
37776
37778
37781
37784
37787
37792
37797
37812
37816
37830
37836
37884
37886
37886
37895
37896
37914
37919
37921
37928
37931
37932
37951
37960
37977
37978
37996
38024
38025
38077
38099
38110
38118
38133
38135
38170
38181
38185
38191
38228
38253
38253
38261
38275
38298
38309
38310
38314
38334
38351
38352
38352
38367
38378
38386
38407
38412
38412
38419
38420
38424
38428
38433
38434
38434
38436
38437
38451
38464
38466
38483
38491
38530
38532
38562
38563
38574
38580
38597
38599
38611
38615
38626
38629
38629
38629
38635
38636
38642
38643
38643
38656
38656
38657
38663
38665
38683
38684
38687
38688
38692
38692
38697
38703
38719
38730
38732
38743
38751
38757
38758
38767
38770
38784
38786
38802
38806
38827
38828
38867
38884
38885
38885
38891
38903
38908
38913
38914
38915
38923
38949
38955
38961
38963
38970
38988
38992
38995
38998
39012
39027
39050
39054
39055
39066
39070
39072
39075
39076
39076
39094
39097
39107
39111
39116
39125
39152
39163
39165
39175
39178
39192
39193
39219
39229
39238
39241
39253
39254
39259
39259
39261
39282
39282
39336
39346
39347
39351
39360
39365
39376
39406
39415
39437
39458
39462
39464
39472
39503
39511
39515
39517
39528
39540
39554
39576
39587
39600
39601
39627
39629
39652
39662
39662
39665
39674
39680
39705
39706
39719
39720
39733
39743
39744
39744
39747
39776
39799
39809
39818
39843
39875
39901
39941
39965
39970
39974
39990
39991
39996
40051
40055
40084
40090
40124
40142
40154
40169
40173
40207
40217
40226
40248
40248
40248
40249
40253
40284
40289
40292
40302
40304
40307
40309
40318
40321
40332
40334
40346
40356
40357
40367
40378
40387
40407
40423
40426
40441
40457
40495
40498
40499
40515
40535
40546
40547
40579
40581
40581
40582
40588
40590
40603
40604
40609
40611
40630
40633
40643
40652
40674
40684
40686
40700
40703
40704
40707
40709
40726
40727
40744
40753
40755
40756
40771
40776
40781
40792
40796
40797
40801
40811
40833
40848
40860
40880
40893
40893
40895
40919
40923
40928
40929
40930
40945
40971
40985
40989
40991
40997
41015
41047
41070
41070
41073
41085
41101
41102
41114
41136
41137
41142
41145
41169
41190
41196
41202
41208
41210
41215
41219
41222
41227
41233
41234
41245
41246
41265
41285
41303
41311
41315
41317
41319
41342
41360
41361
41367
41389
41392
41428
41433
41436
41437
41441
41454
41456
41458
41463
41475
41494
41496
41501
41505
41516
41552
41552
41561
41571
41572
41580
41587
41594
41597
41600
41611
41627
41631
41633
41637
41644
41661
41678
41680
41690
41707
41714
41718
41723
41729
41733
41750
41756
41766
41777
41780
41781
41792
41806
41822
41834
41835
41835
41842
41850
41851
41856
41856
41873
41880
41895
41901
41902
41908
41910
41911
41922
41924
41936
41946
41948
41965
41991
42023
42031
42039
42073
42088
42091
42115
42125
42127
42141
42151
42170
42182
42186
42203
42208
42210
42212
42215
42217
42241
42244
42245
42246
42251
42280
42284
42293
42296
42301
42304
42305
42307
42316
42319
42332
42341
42357
42358
42367
42377
42395
42401
42405
42410
42411
42430
42432
42436
42450
42473
42494
42494
42499
42505
42509
42515
42523
42525
42531
42542
42552
42561
42567
42578
42586
42604
42605
42632
42638
42643
42666
42671
42672
42679
42713
42729
42763
42781
42782
42786
42801
42818
42825
42834
42842
42843
42845
42848
42851
42858
42865
42893
42899
42905
42920
42927
42929
42939
42953
42967
42988
42991
42994
43023
43037
43040
43047
43064
43068
43075
43078
43087
43096
43096
43101
43117
43120
43125
43127
43133
43139
43158
43167
43167
43171
43172
43187
43188
43191
43200
43216
43222
43223
43223
43228
43232
43244
43245
43246
43264
43294
43303
43304
43308
43310
43342
43371
43376
43399
43401
43430
43434
43444
43466
43483
43487
43512
43522
43560
43597
43600
43609
43615
43628
43641
43655
43656
43670
43671
43677
43685
43708
43713
43722
43727
43737
43743
43745
43746
43756
43773
43790
43795
43813
43818
43823
43843
43882
43892
43895
43902
43911
43924
43931
43942
43943
43979
43985
43989
44004
44051
44071
44075
44090
44096
44097
44101
44103
44115
44119
44122
44148
44168
44178
44182
44276
44286
44291
44305
44325
44327
44339
44391
44396
44409
44409
44455
44459
44474
44476
44480
44490
44509
44525
44540
44543
44547
44549
44557
44561
44564
44565
44568
44589
44593
44595
44602
44606
44607
44616
44620
44623
44626
44655
44665
44674
44692
44696
44704
44705
44711
44721
44727
44738
44740
44746
44750
44758
44764
44776
44780
44792
44798
44799
44825
44830
44875
44889
44894
44920
44923
44933
44949
44955
44958
44967
44973
44980
44987
44988
44993
45007
45020
45029
45031
45034
45042
45043
45055
45061
45089
45093
45095
45099
45104
45112
45134
45139
45147
45170
45182
45185
45187
45193
45196
45207
45222
45227
45228
45231
45253
45269
45278
45315
45329
45336
45342
45345
45348
45351
45368
45375
45386
45404
45408
45415
45423
45427
45443
45499
45501
45504
45549
45552
45556
45559
45587
45613
45616
45621
45664
45672
45677
45703
45731
45736
45745
45754
45756
45763
45785
45790
45791
45797
45799
45806
45817
45824
45843
45851
45856
45871
45871
45872
45879
45890
45891
45892
45904
45907
45912
45925
45933
45940
45966
45973
46000
46016
46019
46026
46031
46046
46088
46092
46107
46108
46139
46164
46170
46213
46223
46241
46266
46271
46300
46314
46323
46329
46343
46349
46375
46379
46388
46395
46402
46405
46412
46418
46420
46429
46454
46466
46493
46502
46507
46513
46526
46536
46564
46584
46598
46602
46602
46612
46618
46638
46640
46655
46678
46681
46689
46696
46711
46745
46755
46776
46778
46787
46788
46811
46826
46831
46859
46860
46887
46889
46895
46903
46915
46931
46943
46947
46950
46970
46970
46982
46983
46984
46988
46992
46997
46999
47007
47008
47011
47015
47016
47021
47047
47047
47053
47053
47054
47055
47067
47067
47071
47074
47079
47083
47088
47102
47104
47110
47113
47116
47131
47140
47148
47160
47171
47175
47180
47182
47189
47190
47201
47204
47208
47210
47226
47271
47278
47281
47283
47291
47292
47317
47318
47338
47341
47351
47358
47368
47368
47370
47374
47414
47418
47419
47423
47431
47452
47473
47480
47480
47487
47497
47501
47557
47558
47558
47563
47570
47613
47620
47622
47626
47628
47630
47634
47647
47649
47651
47677
47679
47683
47691
47692
47693
47720
47721
47747
47750
47802
47812
47818
47847
47866
47868
47874
47887
47888
47889
47896
47897
47919
47920
47924
47924
47929
47930
47939
47943
47945
47960
47970
47977
47985
47991
48002
48014
48025
48026
48043
48044
48067
48072
48094
48105
48107
48109
48120
48151
48155
48163
48180
48182
48191
48202
48217
48218
48229
48235
48285
48287
48303
48346
48377
48380
48396
48403
48404
48427
48441
48442
48454
48462
48467
48480
48521
48527
48536
48540
48543
48553
48566
48569
48585
48614
48678
48736
48773
48785
48791
48794
48803
48810
48811
48811
48830
48832
48838
48853
48878
48885
48889
48895
48895
48900
48900
48900
48904
48907
48912
48914
48935
48943
48946
48963
48967
48971
48972
48986
48998
49024
49027
49045
49056
49075
49081
49104
49113
49120
49124
49128
49138
49139
49140
49171
49176
49177
49201
49226
49226
49230
49235
49241
49254
49283
49286
49296
49318
49353
49362
49367
49372
49386
49396
49400
49409
49426
49426
49435
49450
49456
49460
49496
49507
49535
49550
49556
49556
49562
49573
49579
49582
49591
49612
49635
49662
49667
49672
49678
49685
49686
49698
49704
49732
49744
49757
49758
49763
49765
49768
49791
49792
49813
49828
49841
49849
49851
49871
49871
49874
49883
49884
49892
49924
49934
49937
49938
49963
49978
49980
49985
49989
49992
49995
50011
50015
50017
50028
50035
50056
50056
50062
50078
50095
50098
50099
50099
50104
50108
50138
50141
50144
50145
50148
50174
50175
50200
50219
50250
50280
50292
50302
50305
50309
50313
50344
50347
50349
50350
50354
50361
50369
50381
50386
50393
50437
50439
50484
50491
50498
50501
50506
50532
50545
50554
50565
50589
50626
50639
50640
50645
50669
50685
50697
50724
50724
50730
50730
50748
50759
50772
50780
50790
50792
50813
50828
50832
50853
50856
50859
50861
50869
50874
50880
50916
50917
50939
50941
50945
50949
50961
50962
50966
50971
50988
50995
51004
51008
51050
51085
51114
51146
51170
51185
51191
51197
51229
51237
51246
51248
51259
51269
51269
51276
51303
51308
51320
51327
51331
51337
51340
51344
51349
51357
51437
51444
51450
51457
51464
51471
51478
51482
51486
51498
51502
51517
51524
51533
51534
51538
51547
51549
51564
51576
51583
51584
51599
51634
51635
51640
51645
51650
51674
51674
51675
51681
51684
51696
51723
51725
51728
51730
51776
51791
51795
51818
51826
51832
51842
51846
51865
51872
51884
51887
51909
51911
51914
51915
51920
51926
51930
51935
51937
51945
51958
51963
51972
51986
51986
52000
52001
52009
52020
52068
52069
52071
52075
52102
52103
52104
52105
52111
52116
52170
52179
52201
52218
52225
52227
52228
52238
52247
52274
52281
52289
52306
52308
52332
52333
52335
52343
52352
52355
52355
52360
52361
52363
52367
52370
52390
52396
52397
52416
52420
52434
52437
52446
52454
52459
52464
52493
52499
52506
52514
52517
52541
52541
52576
52599
52616
52635
52638
52653
52656
52675
52690
52702
52704
52737
52751
52762
52768
52781
52789
52817
52823
52825
52854
52855
52873
52898
52899
52904
52912
52919
52947
52950
52958
52959
52974
52978
52993
52995
53005
53011
53015
53030
53032
53033
53040
53058
53060
53081
53098
53098
53099
53108
53108
53150
53155
53160
53175
53193
53198
53221
53240
53271
53281
53289
53297
53304
53317
53328
53332
53337
53356
53364
53368
53380
53384
53385
53394
53400
53410
53428
53438
53458
53477
53485
53490
53505
53509
53511
53513
53522
53524
53525
53527
53530
53532
53542
53549
53560
53566
53572
53592
53599
53602
53608
53617
53619
53622
53641
53643
53646
53652
53658
53668
53677
53681
53690
53696
53697
53755
53756
53786
53788
53789
53805
53810
53812
53836
53838
53846
53857
53865
53880
53887
53891
53895
53897
53911
53917
53945
53945
53949
53959
53989
53993
54000
54021
54025
54067
54069
54129
54140
54151
54151
54171
54181
54182
54184
54186
54189
54222
54251
54262
54265
54269
54279
54305
54322
54341
54346
54348
54353
54366
54367
54368
54370
54388
54389
54393
54394
54398
54400
54403
54409
54409
54412
54423
54434
54459
54473
54476
54479
54482
54485
54497
54506
54525
54534
54535
54547
54553
54606
54644
54653
54663
54664
54666
54666
54674
54683
54706
54710
54719
54733
54733
54745
54747
54749
54765
54769
54807
54809
54821
54828
54834
54834
54839
54848
54854
54896
54900
54902
54912
54924
54924
54939
54944
54946
54948
54961
54976
54979
54983
54990
54991
54993
55004
55015
55025
55029
55031
55043
55059
55069
55090
55100
55107
55113
55116
55118
55134
55153
55174
55183
55194
55203
55213
55215
55284
55290
55308
55318
55339
55406
55418
55422
55438
55449
55451
55460
55462
55489
55493
55511
55526
55533
55564
55569
55571
55572
55578
55583
55602
55635
55640
55645
55653
55658
55666
55671
55674
55734
55748
55752
55757
55764
55796
55816
55834
55840
55860
55863
55864
55877
55878
55887
55908
55911
55921
55928
55929
55934
55946
55953
55971
55977
56004
56005
56013
56049
56056
56074
56083
56098
56125
56134
56157
56160
56163
56176
56193
56195
56214
56218
56223
56224
56263
56293
56294
56330
56332
56332
56340
56365
56373
56375
56379
56389
56406
56421
56424
56427
56527
56533
56548
56572
56574
56580
56604
56630
56640
56652
56663
56665
56675
56696
56727
56731
56733
56734
56766
56787
56789
56797
56820
56849
56856
56861
56867
56869
56869
56872
56878
56889
56899
56901
56904
56906
56909
56914
56920
56925
56939
56959
56972
56973
56975
56984
56990
56996
57022
57024
57033
57034
57042
57049
57064
57083
57087
57109
57112
57127
57185
57190
57194
57201
57204
57219
57223
57236
57246
57251
57259
57261
57308
57311
57322
57349
57354
57356
57357
57377
57402
57417
57418
57421
57422
57427
57430
57432
57443
57445
57494
57497
57500
57500
57510
57513
57531
57536
57554
57570
57584
57628
57631
57639
57641
57645
57653
57661
57687
57734
57752
57766
57773
57824
57829
57842
57865
57865
57870
57875
57885
57886
57902
57916
57920
57939
57946
57947
57952
57959
57985
58016
58031
58031
58032
58039
58047
58057
58060
58064
58069
58085
58107
58108
58119
58123
58129
58133
58145
58147
58158
58166
58177
58199
58201
58213
58220
58235
58300
58305
58329
58346
58346
58348
58349
58400
58405
58417
58422
58430
58432
58435
58437
58468
58471
58483
58509
58512
58524
58549
58554
58573
58583
58598
58618
58628
58640
58649
58657
58659
58667
58667
58670
58708
58716
58721
58723
58732
58734
58763
58781
58782
58809
58832
58840
58847
58865
58865
58877
58882
58892
58900
58914
58916
58930
58948
58948
58955
58964
58965
58979
58980
58989
58995
58996
59002
59003
59030
59032
59033
59052
59055
59056
59072
59077
59086
59090
59096
59137
59137
59138
59147
59152
59156
59157
59204
59205
59206
59224
59236
59253
59259
59260
59264
59269
59276
59283
59286
59288
59288
59303
59307
59309
59329
59335
59341
59346
59351
59359
59386
59417
59420
59423
59429
59430
59431
59450
59450
59451
59472
59503
59507
59510
59539
59540
59563
59564
59573
59585
59586
59597
59600
59602
59606
59636
59647
59651
59664
59670
59673
59705
59721
59721
59729
59756
59760
59763
59765
59770
59785
59799
59810
59811
59815
59816
59834
59842
59849
59867
59875
59876
59894
59899
59907
59907
59914
59920
59920
59935
59937
59950
59957
59966
59988
59997
60025
60058
60061
60063
60076
60084
60104
60115
60115
60123
60129
60130
60141
60146
60150
60150
60159
60204
60224
60231
60231
60237
60256
60257
60262
60287
60288
60294
60302
60308
60317
60330
60333
60340
60349
60367
60370
60386
60391
60400
60409
60418
60420
60442
60466
60472
60479
60491
60499
60508
60525
60531
60532
60534
60536
60542
60553
60555
60557
60572
60584
60616
60631
60637
60641
60646
60649
60661
60703
60705
60709
60712
60722
60724
60731
60737
60742
60742
60746
60750
60754
60768
60772
60782
60795
60802
60813
60836
60848
60850
60861
60872
60879
60894
60911
60932
60967
61004
61032
61060
61060
61069
61078
61111
61113
61122
61125
61137
61162
61177
61197
61200
61222
61227
61229
61252
61257
61283
61295
61318
61325
61341
61353
61360
61360
61373
61393
61406
61424
61438
61440
61444
61457
61465
61467
61481
61483
61512
61512
61520
61532
61532
61543
61543
61552
61558
61558
61562
61568
61577
61580
61599
61605
61612
61623
61626
61643
61654
61662
61675
61694
61705
61709
61733
61734
61736
61742
61755
61759
61767
61780
61786
61793
61824
61827
61828
61836
61838
61844
61845
61845
61855
61874
61886
61908
61918
61919
61923
61928
61944
61958
61983
61985
62000
62005
62010
62019
62019
62019
62034
62037
62052
62065
62067
62077
62083
62089
62097
62113
62115
62132
62139
62143
62151
62158
62178
62179
62182
62184
62191
62198
62206
62207
62208
62236
62241
62268
62269
62277
62277
62286
62291
62294
62320
62328
62330
62361
62362
62365
62378
62379
62380
62392
62404
62426
62442
62460
62461
62477
62479
62491
62496
62499
62500
62510
62510
62527
62539
62541
62566
62577
62605
62607
62621
62623
62635
62641
62652
62667
62700
62741
62747
62750
62752
62755
62765
62789
62798
62820
62820
62822
62825
62835
62835
62856
62882
62894
62901
62914
62914
62915
62942
62945
62952
62961
62963
62981
62997
63006
63006
63008
63008
63023
63036
63041
63054
63067
63089
63094
63100
63104
63108
63123
63151
63154
63162
63169
63201
63218
63219
63226
63241
63255
63255
63262
63272
63275
63310
63314
63352
63355
63355
63361
63367
63376
63377
63398
63398
63414
63438
63441
63442
63451
63451
63452
63459
63461
63467
63469
63474
63479
63482
63504
63506
63514
63523
63542
63570
63588
63589
63604
63610
63611
63627
63656
63666
63680
63684
63702
63741
63750
63755
63756
63757
63759
63760
63771
63795
63801
63809
63832
63838
63839
63844
63845
63850
63855
63870
63891
63899
63912
63917
63927
63935
63968
63978
64014
64024
64026
64032
64036
64049
64050
64056
64058
64059
64069
64073
64078
64099
64103
64119
64121
64147
64152
64170
64177
64202
64235
64240
64240
64252
64255
64255
64273
64280
64289
64297
64313
64343
64354
64357
64382
64389
64424
64429
64439
64440
64468
64473
64476
64484
64497
64519
64522
64524
64561
64565
64583
64590
64591
64591
64591
64594
64640
64669
64671
64676
64678
64686
64697
64706
64711
64721
64730
64737
64768
64770
64770
64770
64782
64797
64821
64846
64865
64876
64887
64909
64915
64922
64924
64941
64961
64982
64982
64995
65014
65024
65037
65042
65043
65045
65046
65054
65064
65099
65106
65106
65107
65109
65129
65139
65141
65146
65151
65164
65177
65199
65208
65208
65212
65233
65238
65242
65246
65246
65255
65260
65266
65271
65277
65279
65286
65289
65294
65299
65303
65306
65307
65338
65344
65362
65366
65367
65369
65384
65392
65396
65403
65410
65427
65436
65449
65452
65468
65482
65527
65553
65559
65560
65567
65569
65581
65587
65594
65597
65600
65612
65641
65644
65663
65680
65688
65689
65705
65721
65724
65728
65733
65737
65741
65779
65779
65813
65841
65871
65872
65877
65898
65904
65913
65936
65946
65946
65957
65974
66002
66004
66016
66018
66024
66037
66037
66042
66052
66053
66054
66059
66077
66080
66083
66097
66108
66108
66122
66138
66154
66160
66163
66165
66170
66174
66181
66190
66209
66238
66239
66249
66261
66286
66289
66303
66307
66311
66319
66329
66350
66353
66353
66356
66360
66378
66391
66393
66398
66409
66415
66417
66427
66443
66451
66453
66514
66518
66535
66542
66561
66563
66568
66580
66586
66622
66631
66637
66658
66658
66667
66689
66698
66702
66702
66733
66737
66764
66766
66767
66774
66803
66827
66832
66842
66853
66863
66865
66866
66893
66895
66904
66914
66915
66919
66920
66935
66939
66951
66953
66964
66973
67003
67008
67032
67036
67038
67053
67088
67095
67102
67106
67107
67124
67132
67133
67164
67194
67210
67215
67220
67221
67239
67242
67251
67258
67275
67304
67321
67323
67330
67330
67340
67340
67347
67358
67363
67366
67382
67387
67390
67398
67408
67419
67429
67455
67463
67468
67473
67476
67495
67504
67516
67525
67535
67543
67543
67547
67548
67550
67560
67583
67590
67595
67596
67602
67605
67611
67612
67637
67650
67659
67689
67696
67706
67714
67718
67725
67739
67741
67755
67760
67770
67777
67788
67797
67834
67853
67853
67875
67901
67902
67909
67926
67931
67950
67986
68002
68003
68027
68038
68049
68062
68081
68099
68104
68115
68135
68138
68150
68151
68155
68158
68166
68174
68195
68207
68209
68213
68228
68240
68247
68249
68249
68278
68289
68294
68322
68325
68329
68342
68345
68357
68364
68387
68387
68392
68414
68425
68426
68439
68454
68456
68470
68470
68476
68493
68496
68496
68496
68502
68502
68503
68517
68576
68622
68624
68627
68635
68636
68636
68640
68644
68650
68654
68659
68684
68693
68694
68697
68706
68711
68715
68715
68735
68746
68748
68763
68770
68779
68782
68787
68793
68798
68803
68826
68858
68858
68862
68874
68878
68897
68909
68911
68914
68927
68944
68975
68977
68986
69003
69031
69036
69087
69090
69091
69096
69106
69116
69148
69154
69156
69174
69175
69177
69190
69223
69230
69230
69236
69238
69246
69249
69249
69280
69284
69297
69311
69314
69343
69352
69352
69360
69362
69367
69368
69368
69377
69391
69400
69403
69407
69449
69458
69459
69473
69476
69490
69500
69506
69515
69522
69548
69549
69555
69575
69589
69596
69610
69621
69624
69625
69626
69629
69650
69654
69655
69659
69692
69706
69730
69736
69769
69769
69775
69781
69781
69793
69824
69824
69838
69850
69890
69897
69934
69938
69941
69943
69944
69967
69974
69979
70008
70015
70037
70042
70068
70071
70075
70083
70084
70087
70091
70096
70118
70141
70145
70153
70153
70163
70171
70199
70199
70223
70246
70247
70250
70261
70290
70300
70301
70309
70313
70314
70335
70335
70342
70347
70355
70365
70378
70379
70391
70397
70398
70405
70409
70420
70420
70426
70432
70435
70441
70442
70442
70444
70456
70464
70499
70499
70500
70504
70519
70519
70526
70528
70547
70571
70593
70604
70607
70619
70638
70639
70642
70653
70654
70655
70670
70677
70683
70696
70716
70727
70734
70735
70744
70753
70756
70762
70766
70775
70776
70779
70800
70818
70825
70844
70884
70888
70888
70889
70908
70922
70937
70939
70994
71012
71023
71034
71048
71052
71069
71075
71076
71086
71087
71097
71104
71112
71123
71144
71160
71162
71194
71198
71206
71225
71225
71234
71263
71264
71277
71297
71304
71340
71347
71347
71355
71355
71358
71369
71369
71375
71380
71418
71431
71463
71463
71469
71475
71475
71489
71491
71500
71520
71551
71558
71567
71588
71588
71590
71609
71616
71616
71618
71623
71628
71642
71642
71648
71661
71673
71680
71683
71700
71703
71711
71717
71752
71757
71764
71798
71805
71813
71817
71832
71846
71918
71928
71942
71947
71948
71968
71970
71974
71979
71986
71994
72000
72010
72012
72014
72045
72059
72074
72075
72093
72125
72141
72147
72158
72159
72166
72171
72178
72184
72185
72191
72193
72194
72199
72200
72218
72243
72248
72257
72260
72266
72275
72276
72277
72282
72283
72285
72307
72322
72345
72364
72400
72413
72427
72429
72430
72433
72433
72443
72461
72469
72474
72480
72501
72520
72522
72524
72544
72551
72560
72562
72565
72568
72574
72599
72602
72620
72628
72633
72647
72662
72670
72679
72685
72691
72700
72703
72719
72723
72723
72743
72765
72780
72784
72791
72802
72807
72814
72828
72830
72857
72866
72866
72888
72894
72918
72934
72964
72964
72973
72975
72982
73042
73073
73077
73096
73109
73123
73149
73154
73157
73160
73178
73181
73181
73185
73187
73208
73229
73255
73264
73276
73281
73322
73323
73325
73342
73344
73349
73349
73356
73364
73364
73367
73377
73380
73390
73399
73419
73433
73437
73439
73450
73459
73465
73483
73487
73491
73493
73495
73507
73522
73532
73536
73570
73578
73611
73636
73643
73652
73664
73669
73697
73716
73735
73745
73760
73765
73768
73769
73769
73774
73805
73813
73846
73848
73858
73869
73876
73893
73900
73906
73920
73922
73922
73956
73960
73961
73986
73994
74000
74003
74003
74004
74007
74008
74024
74026
74029
74053
74055
74056
74064
74069
74070
74096
74099
74107
74127
74128
74150
74166
74176
74182
74188
74192
74198
74202
74212
74228
74242
74247
74254
74261
74270
74302
74317
74326
74332
74338
74346
74348
74351
74354
74360
74377
74378
74418
74421
74423
74424
74487
74495
74501
74504
74516
74523
74546
74567
74575
74598
74603
74604
74604
74608
74627
74629
74631
74635
74636
74643
74656
74657
74667
74673
74673
74684
74724
74758
74762
74786
74796
74806
74806
74829
74837
74849
74859
74895
74898
74916
74918
74923
74926
74927
74927
74931
74931
74943
74945
74956
74959
74960
74964
74969
74972
74973
74982
74982
74992
75009
75024
75040
75071
75091
75093
75123
75131
75132
75146
75147
75155
75158
75165
75166
75174
75180
75204
75219
75222
75232
75236
75236
75241
75242
75266
75267
75290
75311
75315
75323
75329
75329
75330
75335
75339
75341
75350
75357
75363
75367
75398
75403
75405
75406
75410
75416
75419
75433
75437
75440
75452
75455
75459
75461
75505
75514
75515
75533
75540
75548
75557
75557
75567
75579
75646
75664
75678
75682
75685
75750
75773
75782
75788
75792
75804
75808
75824
75831
75838
75840
75854
75856
75856
75862
75865
75868
75872
75885
75899
75974
75988
75998
76000
76009
76013
76015
76025
76030
76030
76032
76057
76058
76075
76088
76090
76101
76114
76126
76127
76131
76136
76137
76142
76146
76152
76161
76171
76177
76180
76186
76194
76209
76222
76227
76233
76242
76302
76325
76355
76356
76382
76384
76387
76399
76409
76417
76420
76430
76436
76438
76442
76449
76449
76449
76456
76460
76463
76463
76472
76474
76476
76478
76479
76485
76486
76489
76490
76508
76541
76545
76554
76563
76588
76592
76594
76611
76620
76622
76622
76630
76632
76647
76661
76678
76684
76691
76691
76700
76700
76705
76708
76731
76735
76744
76760
76770
76771
76795
76818
76834
76835
76842
76843
76844
76849
76850
76856
76874
76885
76886
76889
76899
76914
76925
76928
76944
76948
76972
76977
76980
76984
76994
76996
77009
77020
77072
77086
77092
77104
77118
77125
77126
77130
77131
77132
77135
77138
77144
77152
77152
77154
77157
77164
77187
77211
77212
77215
77229
77247
77260
77279
77282
77293
77306
77321
77334
77335
77352
77357
77370
77380
77389
77392
77394
77402
77412
77414
77421
77422
77451
77453
77469
77506
77508
77531
77532
77534
77536
77537
77549
77564
77614
77618
77620
77640
77655
77656
77664
77675
77677
77682
77684
77705
77707
77710
77714
77741
77748
77768
77770
77773
77776
77786
77793
77796
77801
77820
77822
77883
77910
77910
77912
77943
77950
77963
77974
77974
77979
78018
78028
78045
78053
78054
78060
78076
78088
78108
78117
78130
78145
78145
78147
78191
78198
78198
78235
78239
78246
78252
78257
78269
78274
78286
78304
78311
78315
78318
78323
78367
78371
78403
78422
78442
78460
78460
78467
78474
78475
78485
78486
78502
78518
78520
78527
78533
78540
78541
78553
78583
78586
78588
78623
78628
78651
78682
78696
78711
78713
78714
78728
78772
78787
78788
78789
78824
78824
78828
78848
78851
78855
78855
78859
78868
78877
78886
78888
78894
78918
78929
78947
78959
78966
78981
78984
78990
78994
79007
79016
79019
79034
79047
79049
79051
79059
79072
79100
79121
79135
79137
79139
79141
79149
79150
79171
79178
79178
79180
79198
79204
79208
79219
79225
79228
79233
79251
79272
79280
79323
79337
79338
79342
79343
79360
79364
79369
79370
79393
79396
79410
79412
79416
79420
79421
79423
79427
79440
79463
79475
79495
79501
79505
79513
79525
79534
79537
79540
79542
79558
79561
79570
79582
79586
79615
79629
79646
79648
79649
79664
79682
79691
79694
79717
79718
79724
79724
79754
79756
79758
79759
79766
79767
79767
79788
79797
79814
79817
79817
79819
79836
79842
79845
79847
79848
79850
79851
79856
79864
79881
79886
79897
79899
79903
79908
79925
79926
79935
79940
79947
79948
79956
80005
80020
80027
80032
80045
80048
80081
80089
80099
80114
80131
80136
80143
80147
80151
80159
80172
80175
80179
80184
80185
80201
80206
80211
80215
80218
80219
80224
80231
80250
80256
80272
80284
80286
80307
80311
80328
80332
80333
80339
80340
80362
80368
80372
80388
80389
80391
80392
80397
80397
80402
80417
80424
80444
80472
80482
80485
80489
80493
80507
80507
80522
80537
80546
80562
80575
80634
80638
80645
80653
80655
80667
80679
80679
80696
80709
80729
80780
80787
80797
80805
80819
80825
80831
80831
80840
80842
80858
80873
80889
80908
80911
80935
80944
80947
80948
80968
80986
81007
81019
81025
81089
81101
81130
81156
81169
81180
81186
81211
81216
81223
81225
81229
81251
81262
81269
81271
81286
81289
81295
81305
81318
81324
81345
81346
81354
81361
81378
81380
81381
81384
81384
81391
81414
81419
81451
81484
81487
81512
81519
81530
81543
81562
81573
81580
81591
81593
81593
81596
81597
81600
81601
81606
81611
81633
81645
81652
81663
81665
81704
81706
81712
81712
81717
81718
81725
81725
81731
81738
81743
81770
81807
81822
81831
81841
81843
81853
81857
81880
81905
81920
81929
81933
81934
81939
81948
81959
81962
81980
82022
82024
82029
82032
82032
82034
82051
82065
82067
82070
82084
82104
82110
82119
82153
82162
82200
82241
82247
82263
82282
82301
82307
82314
82314
82316
82328
82334
82334
82337
82350
82353
82360
82373
82375
82381
82390
82434
82460
82476
82477
82477
82513
82523
82527
82529
82534
82539
82545
82553
82554
82578
82586
82590
82592
82627
82638
82661
82665
82673
82678
82681
82687
82696
82720
82720
82739
82755
82764
82780
82786
82788
82793
82806
82815
82818
82828
82844
82845
82853
82853
82868
82884
82918
82934
82942
82949
82957
82960
82960
82971
82973
82975
83005
83012
83018
83026
83036
83043
83048
83059
83067
83070
83127
83138
83147
83177
83186
83228
83229
83238
83239
83244
83254
83256
83263
83269
83270
83279
83280
83284
83292
83309
83343
83353
83359
83374
83379
83419
83464
83490
83491
83509
83515
83520
83523
83531
83534
83553
83564
83566
83574
83582
83592
83614
83623
83633
83650
83680
83681
83687
83690
83694
83710
83717
83732
83745
83758
83762
83763
83766
83774
83779
83787
83801
83801
83806
83811
83812
83814
83817
83819
83843
83845
83857
83864
83873
83876
83891
83904
83935
83944
83958
83969
83979
83980
84002
84016
84028
84042
84046
84050
84068
84071
84079
84080
84083
84086
84090
84093
84094
84096
84109
84117
84118
84124
84125
84131
84132
84147
84159
84181
84187
84190
84212
84227
84228
84240
84264
84294
84311
84325
84336
84339
84342
84348
84357
84369
84381
84381
84397
84406
84409
84415
84433
84438
84444
84465
84469
84502
84518
84537
84540
84544
84545
84568
84571
84591
84592
84606
84644
84647
84650
84653
84658
84677
84681
84685
84698
84705
84741
84748
84779
84783
84791
84811
84814
84821
84848
84849
84849
84853
84864
84883
84885
84911
84920
84921
84934
84936
84947
84957
84963
84970
84988
84994
84997
85008
85011
85022
85037
85038
85053
85054
85060
85080
85082
85083
85084
85095
85097
85118
85118
85133
85138
85147
85149
85154
85159
85167
85169
85173
85197
85200
85201
85219
85223
85228
85250
85255
85265
85267
85269
85271
85276
85286
85300
85322
85338
85339
85352
85353
85355
85363
85365
85377
85380
85383
85384
85388
85410
85411
85421
85423
85426
85431
85445
85448
85451
85455
85455
85464
85471
85478
85481
85499
85527
85527
85534
85542
85544
85563
85573
85583
85597
85604
85612
85637
85643
85657
85667
85676
85680
85683
85696
85701
85713
85727
85733
85736
85758
85794
85794
85808
85860
85867
85874
85881
85895
85913
85922
85923
85927
85943
85952
85963
85997
86035
86042
86043
86046
86047
86053
86056
86066
86076
86083
86087
86117
86121
86122
86131
86145
86150
86167
86183
86192
86193
86203
86216
86222
86249
86258
86270
86275
86277
86278
86278
86281
86288
86293
86293
86294
86300
86312
86313
86328
86331
86346
86353
86356
86364
86375
86382
86386
86389
86395
86407
86419
86447
86465
86483
86494
86508
86518
86528
86546
86553
86573
86574
86592
86602
86603
86604
86620
86622
86624
86626
86626
86633
86633
86635
86640
86640
86643
86643
86657
86662
86666
86669
86681
86685
86700
86709
86710
86713
86724
86724
86735
86746
86760
86774
86777
86779
86795
86799
86808
86810
86827
86828
86831
86855
86856
86859
86867
86895
86905
86927
86935
86942
86945
86959
86970
86972
86974
87012
87016
87017
87017
87032
87033
87066
87067
87072
87073
87098
87105
87116
87154
87159
87205
87208
87210
87231
87238
87252
87257
87258
87275
87279
87296
87301
87309
87319
87331
87348
87349
87350
87352
87354
87386
87387
87405
87410
87411
87416
87434
87435
87437
87440
87459
87461
87474
87477
87516
87537
87537
87543
87547
87560
87580
87584
87585
87603
87607
87612
87621
87630
87642
87643
87643
87646
87664
87670
87678
87708
87716
87719
87752
87755
87765
87773
87775
87777
87789
87793
87795
87798
87805
87821
87828
87832
87832
87841
87872
87883
87899
87911
87934
87952
87961
87972
87985
87988
88025
88035
88040
88040
88044
88050
88056
88060
88074
88075
88077
88083
88087
88092
88128
88141
88148
88159
88176
88191
88197
88203
88221
88229
88230
88231
88238
88239
88240
88240
88246
88247
88270
88276
88283
88287
88304
88324
88340
88344
88356
88361
88364
88367
88378
88387
88397
88414
88418
88430
88440
88446
88453
88455
88456
88470
88482
88497
88511
88524
88525
88531
88534
88562
88563
88591
88612
88635
88638
88650
88652
88659
88669
88669
88670
88682
88686
88687
88691
88701
88742
88747
88749
88751
88753
88768
88785
88785
88804
88810
88835
88846
88858
88875
88888
88890
88892
88909
88912
88914
88928
88935
88939
88958
88963
88969
89000
89002
89017
89017
89022
89023
89032
89044
89058
89066
89067
89072
89091
89101
89112
89149
89153
89157
89160
89177
89185
89212
89236
89240
89246
89247
89263
89268
89279
89280
89291
89306
89313
89322
89340
89343
89345
89367
89372
89385
89400
89413
89420
89423
89432
89449
89459
89466
89491
89491
89503
89504
89512
89522
89543
89548
89559
89571
89578
89582
89582
89601
89603
89608
89611
89612
89613
89628
89638
89639
89640
89667
89671
89686
89692
89698
89703
89725
89751
89774
89779
89781
89820
89824
89843
89847
89850
89880
89888
89915
89921
89922
89928
89932
89937
89983
89986
89990
90007
90034
90038
90045
90052
90060
90061
90067
90081
90083
90097
90106
90162
90173
90204
90221
90221
90223
90244
90248
90258
90258
90261
90263
90270
90275
90278
90297
90312
90312
90313
90316
90323
90332
90341
90342
90349
90362
90364
90377
90393
90401
90406
90417
90449
90450
90464
90465
90470
90471
90473
90480
90489
90489
90502
90510
90511
90515
90545
90551
90559
90593
90602
90607
90609
90612
90633
90655
90666
90671
90671
90673
90698
90703
90705
90709
90718
90723
90726
90741
90751
90755
90757
90760
90783
90783
90805
90831
90835
90838
90838
90847
90856
90860
90878
90898
90907
90914
90931
90935
90938
90978
90980
90981
90991
90994
91001
91004
91019
91035
91037
91042
91045
91048
91055
91059
91071
91084
91087
91102
91109
91110
91117
91125
91128
91132
91144
91147
91156
91167
91172
91174
91174
91176
91197
91218
91218
91220
91225
91229
91231
91235
91253
91280
91291
91308
91312
91318
91320
91320
91342
91345
91352
91379
91382
91390
91395
91396
91421
91437
91482
91488
91492
91495
91505
91508
91517
91527
91553
91563
91568
91588
91613
91616
91619
91665
91676
91678
91692
91693
91696
91721
91725
91733
91736
91759
91767
91783
91795
91796
91809
91811
91827
91828
91833
91840
91841
91849
91851
91889
91889
91900
91906
91913
91914
91921
91928
91939
91941
91949
91984
91987
92001
92023
92025
92044
92050
92059
92089
92099
92105
92109
92119
92128
92128
92130
92131
92133
92153
92178
92181
92184
92188
92210
92212
92245
92246
92259
92278
92286
92301
92312
92318
92323
92335
92340
92342
92358
92359
92363
92375
92389
92403
92405
92447
92459
92467
92468
92493
92505
92506
92510
92534
92543
92545
92545
92558
92565
92569
92602
92615
92621
92624
92642
92655
92663
92681
92682
92685
92692
92694
92702
92707
92714
92721
92725
92727
92744
92747
92748
92757
92776
92788
92805
92806
92807
92813
92813
92820
92820
92824
92842
92850
92853
92864
92864
92876
92876
92880
92904
92909
92914
92917
92918
92947
92948
92976
92988
92996
92997
93008
93010
93013
93026
93032
93036
93039
93040
93057
93068
93082
93088
93091
93101
93107
93121
93123
93125
93135
93135
93136
93145
93148
93197
93199
93205
93207
93212
93234
93237
93244
93248
93254
93259
93266
93274
93279
93296
93302
93340
93344
93351
93395
93414
93420
93434
93438
93441
93444
93444
93455
93472
93501
93511
93539
93545
93563
93565
93573
93577
93584
93588
93605
93609
93616
93621
93628
93640
93650
93655
93681
93696
93701
93705
93707
93739
93745
93747
93748
93768
93790
93836
93837
93854
93866
93881
93897
93897
93900
93915
93916
93921
93930
93948
93958
93961
93968
93985
94008
94013
94014
94040
94049
94071
94087
94098
94118
94155
94156
94162
94164
94180
94181
94196
94214
94223
94227
94239
94240
94246
94261
94274
94292
94305
94309
94318
94318
94338
94365
94365
94377
94382
94383
94397
94397
94400
94403
94412
94428
94436
94445
94452
94455
94468
94470
94473
94476
94482
94485
94492
94529
94530
94539
94556
94559
94562
94564
94566
94569
94591
94595
94597
94598
94600
94605
94630
94635
94640
94648
94657
94670
94681
94682
94697
94702
94704
94739
94762
94767
94771
94782
94794
94795
94807
94815
94819
94844
94846
94850
94851
94863
94873
94876
94896
94897
94903
94907
94947
94947
94952
94974
94991
94995
95003
95005
95008
95013
95017
95029
95029
95034
95044
95056
95060
95068
95091
95105
95105
95108
95110
95124
95136
95139
95164
95169
95204
95206
95207
95234
95240
95240
95251
95258
95272
95276
95277
95280
95304
95306
95317
95337
95363
95370
95394
95394
95419
95421
95423
95435
95435
95436
95455
95463
95485
95492
95495
95508
95529
95537
95565
95570
95594
95600
95604
95617
95625
95629
95637
95640
95690
95691
95694
95724
95726
95729
95729
95747
95747
95755
95767
95775
95775
95795
95805
95807
95811
95836
95845
95854
95863
95874
95886
95911
95929
95930
95930
95954
95956
95986
95997
95998
96011
96012
96017
96021
96034
96038
96043
96044
96053
96069
96078
96100
96107
96114
96131
96131
96138
96146
96167
96173
96181
96209
96220
96230
96235
96248
96252
96256
96281
96281
96292
96301
96305
96321
96326
96347
96355
96373
96377
96393
96403
96417
96422
96427
96429
96430
96445
96447
96453
96455
96457
96462
96468
96482
96486
96492
96506
96511
96518
96520
96545
96560
96579
96624
96637
96646
96649
96649
96664
96667
96679
96684
96697
96707
96711
96723
96760
96762
96789
96791
96801
96813
96817
96830
96855
96858
96870
96874
96877
96896
96904
96930
96934
96938
96947
96950
96953
96967
96970
96972
96990
96993
96996
97006
97007
97019
97039
97062
97070
97083
97090
97093
97105
97107
97107
97112
97115
97123
97131
97148
97158
97159
97164
97164
97183
97194
97203
97216
97223
97226
97255
97263
97265
97271
97287
97290
97340
97346
97351
97352
97363
97371
97375
97377
97383
97386
97402
97423
97423
97437
97444
97449
97471
97482
97496
97499
97504
97513
97527
97538
97566
97608
97621
97623
97631
97652
97661
97661
97673
97675
97681
97711
97746
97753
97754
97765
97765
97779
97788
97800
97814
97814
97892
97899
97917
97946
97958
97963
98016
98020
98024
98028
98034
98046
98058
98067
98083
98109
98117
98124
98143
98161
98165
98172
98179
98190
98203
98206
98236
98238
98263
98263
98268
98285
98291
98292
98299
98313
98334
98347
98349
98350
98355
98379
98399
98421
98426
98430
98442
98444
98467
98471
98478
98509
98535
98539
98544
98545
98580
98583
98588
98592
98601
98602
98614
98621
98632
98644
98657
98684
98693
98693
98699
98711
98720
98746
98766
98792
98804
98809
98818
98840
98864
98880
98882
98892
98899
98900
98918
98925
98934
98936
98943
98949
98955
98989
98990
98994
98996
99000
99021
99036
99036
99037
99041
99041
99048
99050
99070
99073
99074
99089
99094
99095
99123
99127
99130
99137
99139
99165
99188
99189
99204
99210
99241
99247
99248
99249
99253
99263
99279
99280
99325
99329
99351
99358
99390
99395
99419
99426
99429
99467
99470
99471
99479
99480
99481
99494
99511
99514
99517
99519
99536
99554
99588
99603
99614
99617
99627
99629
99633
99635
99640
99658
99659
99667
99695
99701
99707
99746
99759
99761
99761
99776
99831
99864
99874
99875
99895
99897
99906
99914
99929
99943
99965
99966
99971
