7083
7640
2598
6689
2999
6163
9603
6464
8176
4150
8118
5748
2816
4630
8846
258
8920
3326
4124
5207
1296
6596
2848
344
7756
287
5489
36
9733
1922
6920
7643
5886
9623
4808
978
857
7934
9973
5141
9943
1360
2371
7298
6124
396
1527
5548
1813
8858
9855
5323
7228
4583
3567
9211
8392
2626
9734
4533
2092
6661
8448
4970
4212
9421
8479
8663
4929
2132
3500
6043
3722
5623
9886
333
8323
9131
3872
6670
3231
1100
3801
614
6316
8647
1782
9441
7345
2887
3461
9407
9449
6817
2130
6976
5671
8159
3455
5875
5397
8131
4750
2997
7110
125
1001
7620
3556
4030
9142
9387
818
4056
960
3782
1713
5703
1851
3306
1039
5015
5649
4748
6917
963
6758
1297
1428
5507
4099
1949
5020
6114
4729
740
637
7687
6137
9577
3161
6921
5655
8035
1233
7430
4555
1899
6096
6523
5200
6119
4098
7778
5577
4948
8570
1633
5328
4909
354
4882
8506
5479
9004
9016
4790
3552
1014
6649
1798
7129
5324
8942
6952
8495
6462
9571
8433
9260
2662
599
7211
8237
1873
7337
6911
728
3457
3423
1053
1722
4650
4579
2524
520
5484
7770
9825
3515
5425
9330
3709
634
7886
4069
9748
5944
3396
1114
667
6178
5237
7895
7354
1353
4426
9145
5203
4466
8076
9446
3566
4129
5663
3725
8962
6765
7146
404
3585
7
4017
604
1809
1343
3360
1230
3991
6943
1678
4343
7276
841
8061
7441
147
7291
3928
3313
4863
7667
3698
302
6967
9150
4281
5023
6919
1668
4169
4478
2745
9038
9976
7047
8965
5115
6394
2815
795
4848
2529
625
2391
2028
6842
7585
6227
3147
5531
4354
3795
341
4071
8318
5617
9768
5926
3737
8472
428
8702
4851
9450
4732
7900
9985
8081
629
8505
4762
3447
8430
8166
5800
6855
7350
3122
7220
686
5163
5984
1020
1596
1369
1083
7724
4072
1290
9092
9875
8711
4307
2352
5368
2641
5182
3140
8422
3738
223
1760
2858
5699
4187
8947
2831
5506
8239
1251
3929
3393
4049
1299
8520
7309
8474
6792
8257
6242
5974
2877
6447
4388
549
60
3052
650
5414
4858
6862
9897
7915
7765
7261
6113
5827
7010
2585
9180
4423
955
6588
39
5535
7469
2362
1396
7387
1398
1228
7289
6147
2212
8825
9657
4055
4393
2227
5400
4132
9220
7258
3863
954
4
7455
1615
8902
1395
2970
351
8855
899
2648
2150
3203
5029
6703
4966
9544
7203
4712
8561
4047
6878
182
6140
6388
9511
4783
7210
6467
7637
4408
6951
5370
3131
1009
7777
1994
4676
3151
2738
471
996
8007
5881
5980
255
2366
6067
8146
1936
9780
3848
887
4020
4876
5334
2044
4924
9080
3494
8707
4558
8609
9833
4482
1408
1243
6084
3543
6045
7207
7181
8019
4233
926
6755
3516
3167
3217
9442
8537
1659
8059
5543
4090
8878
1358
3317
2088
4257
3102
5716
6085
320
2034
154
2667
3826
4497
9576
1863
5433
3959
4708
3048
8213
8886
4329
938
6770
4862
5473
7992
9569
2909
9198
4214
6158
7808
557
905
9986
8503
6634
1317
4077
2131
8626
7546
1399
6607
7695
9274
7797
1459
6433
1577
7248
3387
8273
4981
2924
1148
5706
3862
9741
7675
3367
6722
6871
5303
921
1819
1597
9035
702
4394
2148
8181
6721
4607
2094
159
7935
1704
3248
9414
1275
1429
7552
690
8086
8122
3535
3210
7635
6947
6224
9169
9228
9192
9110
9795
3358
8956
9632
2943
447
2257
1046
5727
6767
8476
7761
2549
3435
9695
1426
1002
4943
232
3347
4610
3350
1486
9443
1947
493
2085
5796
6540
6448
5537
9403
357
554
4629
1231
2890
8383
1064
9551
5586
3973
5803
7331
7135
9353
1335
7690
723
5644
7579
1536
5850
167
3773
5954
9074
5389
8634
6338
1422
2238
2226
2927
3104
7711
914
269
1119
9364
6656
3688
7922
7921
4554
457
9725
5814
3252
6236
2456
643
4527
8126
7631
1692
2758
8531
9526
7605
7689
2319
4254
1087
2960
1364
8104
1169
1967
5678
4694
8102
7317
1688
2336
6023
1755
5569
7553
1510
1466
5828
3010
2365
4509
1601
6490
2811
2005
4202
6999
4215
393
4639
4845
1973
571
7804
2828
4347
122
6849
8277
8904
2764
1574
8729
2624
4581
8092
1356
5235
9661
4109
9379
8621
5022
3548
6434
5651
4182
4411
4660
1152
7949
102
4951
2993
3323
7284
2
4954
3429
904
6719
4318
5905
1322
3070
5499
4763
9798
6936
1603
8088
6429
2304
5658
4391
88
1034
8072
6412
8344
7773
2522
3609
3354
3735
7497
5332
654
1199
6843
8350
4656
3714
5109
2553
4200
584
2946
5578
2704
627
9277
3181
4561
9168
5622
5824
5275
3583
9749
7305
9062
79
2590
1291
7634
1241
4010
2835
4105
1417
2357
4654
9030
7093
771
4733
2557
1929
1839
5931
2347
8215
6246
1094
4787
8879
3846
5234
1943
6232
2581
2388
3097
2031
1654
8598
34
1972
4371
29
7216
2306
6416
6256
1038
2855
9832
6405
7168
7830
4396
5450
4734
2299
1070
1511
6549
6359
731
9794
2568
1160
4871
9883
8381
2061
1930
7409
2771
2954
735
7549
925
4510
8192
2099
8457
5132
1176
8485
3462
5714
9693
694
7356
9210
6225
7952
1206
6680
2511
3348
820
6038
4504
2122
9068
2055
5040
3571
2390
4955
6034
8246
7238
7330
5681
8112
4358
9070
1498
3148
4357
7197
3692
8994
2864
1804
146
6762
6565
8929
6470
1616
7700
5305
4903
4979
2171
3202
9970
8512
8168
4474
439
299
3858
9890
1679
7243
6372
4144
3681
5439
6757
9925
4670
6709
6027
8885
2545
1560
2918
6057
4665
9227
186
6684
342
4684
2259
9006
2380
2749
9015
7293
6301
237
2399
3431
9319
3222
2015
4625
514
5031
4231
6971
5815
3255
3830
1866
6893
2724
2452
7250
7670
6876
2618
5730
1657
8047
1440
2775
5785
3971
5153
5278
5518
1651
9562
9284
8152
1690
8800
632
7245
7145
3417
2807
7105
6381
4594
8368
6393
9866
411
8264
1900
5711
5626
7479
4220
4749
8083
5225
219
6601
7596
7204
5000
7848
6357
9296
1072
3778
4403
7465
3628
8449
3648
1844
9605
9075
3412
8703
3670
38
2840
2955
1485
7504
114
7708
1455
862
4183
5436
8772
6174
956
9738
9919
9402
7178
8294
4014
4164
6632
5991
1340
8263
484
3240
9454
9412
7877
6403
1937
610
4461
2571
1954
8028
1959
6189
345
3955
5376
8769
4276
3683
9804
585
1324
4836
2917
4919
6308
3837
6950
7459
9716
5377
65
3359
6283
4162
9957
2311
5333
1888
2381
1387
4217
3783
3992
8228
9285
9174
2509
4218
9008
496
2574
2978
4576
8662
48
1646
4563
5823
1834
8917
6269
6120
1556
26
2439
2958
5263
2222
2505
9508
7790
2241
6115
6988
5675
4608
8669
8566
1916
9237
8859
8936
5095
7562
2251
9122
2234
3003
8891
7099
5101
775
3403
2839
3512
2425
1876
1314
4420
7080
1500
5662
9173
8743
8371
5512
4439
9127
1167
617
8372
5107
1661
8162
2001
9495
2401
2266
7082
9238
2426
7636
5054
9416
4957
7428
6811
1787
3990
487
474
2665
2145
8439
2115
6231
5361
2889
2307
9691
3376
4842
7538
8699
5048
9687
6514
6708
7954
3881
2158
3442
5224
7201
3142
2981
1195
6201
4730
9481
7664
7069
8511
4679
4792
7263
4256
6014
5191
2190
6466
5415
6503
6051
7162
6058
6332
5079
6522
9758
9731
5776
5674
1331
7351
6990
8603
3133
6812
8599
3758
4773
6363
8492
1467
3860
4159
1862
3085
7493
2793
3300
9900
2687
7054
3604
7872
9229
7510
4746
533
2447
8329
6926
6257
951
5154
3364
2913
5752
8063
8916
8799
1292
1786
2950
7368
388
3630
7312
4800
8407
2964
3936
6916
9958
7843
1901
1777
7707
2639
7062
4201
4089
9538
4964
9682
16
5897
9141
3854
2497
616
1035
2597
5064
8923
9236
3633
6132
8843
6142
7235
1137
6435
5664
6361
997
6853
5121
4662
7905
2262
3655
839
5347
1325
4149
1240
801
4596
7719
5069
8189
807
6764
3796
4798
9083
7139
2493
2602
4387
225
4627
2506
8948
8117
8399
9176
6620
2364
6288
7474
1530
2003
6294
8458
2159
1091
7960
7784
7947
9647
8931
5728
3734
3289
1012
8036
4638
2559
8180
8648
8491
3690
8101
8950
3615
5197
1403
6192
6715
1453
7898
6135
1533
2464
5383
1150
3480
2202
5492
7503
7094
6019
5378
840
3717
1508
5724
3933
8980
1564
2435
2957
7951
4937
6773
1753
4349
2276
3941
1080
8863
8452
8982
3318
3829
5615
8114
6437
5666
5401
8986
1649
516
8705
3891
5145
7554
424
4524
5556
1526
8715
6211
3263
7606
1557
8761
3580
3503
9184
983
4997
9771
3750
9375
4901
1129
6978
5094
1741
4645
2010
1281
9802
4226
8642
6841
1425
6010
8849
9921
1224
2302
1778
4615
953
9066
3700
6164
3064
9170
8482
7215
3616
2065
3902
4501
5717
492
2934
761
7495
1984
9850
3006
6398
7561
1581
7763
6050
8396
631
2076
3159
817
6786
733
8556
5190
4562
5799
224
8555
8999
1904
4291
8443
2324
2370
9533
3276
2293
9853
2774
6814
9582
711
7543
5546
8563
668
524
4325
6076
6608
4192
9257
4834
2589
5723
7502
5552
5969
9963
8373
1842
1909
7733
5099
221
230
9611
7779
3918
8650
4833
2264
7332
3651
172
8058
3334
1960
8022
5835
5978
2904
7487
6196
8682
5590
5795
5239
1061
2350
669
5475
5061
7822
2977
407
3470
9433
1212
2377
8688
4185
5581
2121
8130
2989
4379
2794
5395
3005
6569
2735
6109
9017
3321
5480
4213
7217
8921
9812
8211
4586
5930
101
8442
2949
7460
551
7159
7644
9269
7654
1881
4407
2573
8006
7849
4590
9024
6562
298
888
55
5773
8049
2570
2140
4946
5250
6966
1645
7914
2759
3004
7041
3513
2701
6970
2600
3121
1927
8324
2804
5034
2047
8082
8686
9638
1295
647
6519
6662
7230
9631
8654
1389
4279
5060
4147
3196
3561
462
6702
7395
2783
4227
7355
2664
6103
4810
4130
2096
1897
8169
9202
6262
3963
3328
7897
9981
1049
6326
512
5221
4457
4952
8127
8255
104
877
3953
2539
8577
9819
1334
1736
5908
1285
8080
4796
4915
9988
7520
4895
5032
876
355
4261
4059
8589
1376
7118
2844
5469
6358
4163
2219
1392
9541
81
4308
8622
7195
521
9677
9843
3979
507
9861
1388
5934
1282
3534
7624
7240
5983
5157
5702
3755
1366
6170
7255
410
5616
1828
8811
7726
9130
4399
8465
6955
2586
656
4532
7124
8580
4906
1506
7464
1246
8008
5187
2921
5055
4857
6897
3481
4321
806
8219
9932
7940
9654
3562
1875
7535
3467
9998
565
9380
5231
3727
8974
8736
4809
2178
6790
8606
6858
1274
1766
2519
5779
3411
4117
5563
3982
7277
6810
8227
6040
721
1123
5928
3382
7829
1079
8395
6253
7655
4334
7516
9311
2037
5201
2983
6272
7875
7489
7327
7173
6277
9384
2514
2440
3892
8615
18
2271
893
968
8432
752
5600
7860
6171
6845
6173
4046
9087
3304
6822
8518
85
8787
9360
2784
5142
2646
9214
1067
9945
7551
8766
8964
4925
1797
3895
7789
434
1370
7046
249
3684
2442
9204
366
8424
3807
5849
4658
3746
1018
4174
7132
1371
2856
8620
8071
9558
9969
2842
3879
7720
3559
8585
5498
171
7385
2843
1327
1631
421
1859
5963
630
8062
5035
3958
4585
6520
8256
715
964
5265
3369
7540
812
6796
4764
8814
5725
4850
3355
6478
594
7732
1309
7303
2056
5261
7265
932
3712
3671
3009
1958
3640
5420
2572
8144
310
2443
3906
9917
2368
9625
9231
5371
7855
5628
8604
8342
8658
3970
762
2932
7268
6347
7109
1302
5650
9335
1694
293
2309
7809
2532
2696
4448
9007
9153
6880
459
1642
5260
3981
2901
1442
6907
2785
5310
2569
7477
2670
5719
918
5979
8704
6217
2195
4197
141
1632
5653
5218
6204
3898
4111
3522
9271
6207
3675
7755
5406
1090
2325
8619
6759
6929
1874
577
1205
8504
6609
5487
6945
9242
1269
7854
979
4409
3646
8519
3223
6510
6324
8386
1606
6713
9789
4376
8286
8370
2857
8914
2220
5340
7014
515
6136
781
2413
9124
4123
2910
1569
2800
7496
8477
1513
7858
3610
4737
2562
2604
6350
2534
9797
7722
6799
4324
9363
3242
1492
863
4619
1896
7536
1220
2542
321
950
361
9522
6025
1504
3904
3021
5692
4521
9565
2318
5006
3654
2019
3732
6055
1028
4005
3273
4080
9810
8775
4137
7587
9665
5851
3469
2143
4338
6825
6410
1594
6625
6016
3365
5331
9091
4757
7115
2588
3329
3230
9704
2105
1598
2859
5474
9167
1499
3526
2886
5267
4494
5402
3883
8945
5589
4309
8759
673
1695
7287
8000
2679
7106
6677
2799
3611
1126
4520
1653
1835
9476
4898
6590
886
2660
7113
4772
8794
5496
5049
3426
785
742
3836
1385
5103
1218
5253
2734
193
8249
9374
437
8084
5134
3839
8141
1768
3477
6331
2196
648
8700
9347
3027
4651
1938
2162
6888
4990
6356
1461
7684
2721
2020
8716
1879
2845
2224
3527
5131
1992
9514
6775
9896
9893
7920
5933
9166
2417
8856
8053
3397
4725
7185
1691
5652
5140
5126
2008
8026
177
5302
1117
4534
8078
3804
6387
8149
4278
1861
2229
7890
961
5529
6969
7734
3385
5470
2473
9823
9398
9172
8093
7222
6030
196
6022
5523
5193
2645
1109
5244
6475
9264
6300
8110
1850
5998
642
1236
9101
7116
9996
7050
2543
8958
6763
4451
69
4505
7070
2499
1304
4176
3075
3707
7025
770
64
5591
9769
7398
874
4829
9829
7542
9515
7300
9561
6116
3391
7669
8748
5117
2739
2754
5884
8532
4804
3957
6905
3944
8460
1015
9470
836
6450
3967
1284
1265
4171
7134
5111
2751
2265
5860
6927
1780
1248
6561
5866
7072
415
1118
6007
5638
1121
984
8343
1979
183
8924
5257
7698
1792
665
677
4669
8306
3325
306
5198
6258
2713
8629
1516
1575
2768
297
3835
489
4771
1355
6630
3421
360
7114
808
3307
5486
4041
7310
6751
8221
3831
5019
9525
1222
4332
3636
7372
7919
5437
6184
478
6995
3678
6443
6488
2703
7593
7876
1073
4958
3198
9048
2787
1829
4263
7887
9158
3926
7866
7521
4754
6701
2885
2682
1141
8586
3606
1997
1318
150
757
8875
7410
3154
4112
8408
8536
8752
4927
4370
6026
8266
4719
6216
8544
5314
3719
7029
1674
2942
8020
9031
4153
4973
47
8269
1341
8887
6957
9727
7227
746
5045
9504
9155
6086
8735
9848
8996
1223
6157
935
5295
7186
3612
5782
9578
2036
5698
7509
6151
1918
2512
5463
5680
9831
8355
5939
93
7078
3529
5466
7526
2349
1436
7369
5460
655
1184
2766
6685
3974
3504
7193
5307
9648
9857
7009
3055
67
330
3199
7275
5230
3419
6024
6737
4717
4641
7223
2635
4869
1185
3115
8881
3894
7896
3978
2329
2361
1133
3343
1198
7458
5136
1397
135
811
1563
555
1647
8613
3595
8156
5146
6268
7738
4934
4369
5025
5074
257
1981
7862
3877
6001
9742
1714
3324
4953
800
4418
4003
3452
7592
7834
9928
4078
5691
1613
5316
6325
7680
4724
7928
8680
145
7335
891
1294
3579
8016
6962
897
5715
1733
8546
2355
4880
7120
6623
2746
8660
741
4552
750
5595
3031
9036
9519
2035
8590
8763
8191
5755
635
6642
5382
9333
9739
6474
4813
9884
7103
8222
8208
3664
8860
1837
5895
4062
198
6815
9824
4103
9715
9983
7647
6104
6501
9680
526
8089
9486
8765
2979
9922
2331
1267
5353
3425
2151
4971
1820
710
7040
6639
9675
6794
2579
7269
2987
446
9067
2194
7813
875
9512
4967
4571
8535
4258
8154
9297
3107
4835
9389
9701
2647
2046
6707
4816
5925
7148
8
7421
2431
3179
7560
967
4987
9422
6829
7931
9097
2187
1685
5284
1154
1181
2686
40
8740
7172
8195
940
8540
9787
9071
7584
4735
8733
117
1737
113
3460
7236
9959
2668
1093
3533
4385
5520
3865
5318
4011
2398
1723
4286
3111
4435
1136
8201
1887
9747
8581
8095
5455
5847
8226
7140
6492
5749
2592
3828
5532
7817
187
2243
4364
763
5091
4125
1941
9352
4844
1106
3501
9484
9944
481
4609
7125
3564
2575
9396
1065
8296
9933
6089
2407
845
6572
6749
1852
3170
398
6663
2268
6385
1902
7011
4076
3049
7628
3777
9358
8852
1372
930
1475
3138
685
2834
4367
2210
205
3215
3870
2770
1961
558
7645
8391
9612
259
6071
9140
7004
5899
8678
6345
3540
7084
9856
8959
567
4854
4913
7377
3137
2851
6583
5805
33
8728
2728
5379
6472
7141
7439
843
6524
8572
9149
5610
6454
9948
3013
8453
3597
856
4747
248
2485
3135
7559
5793
3927
7880
4092
8184
707
879
1825
704
3465
7418
5877
2778
176
8731
505
2221
7978
5936
2244
2971
2578
3288
1036
7665
9355
4242
3076
8259
3241
9809
6650
10
8545
8295
7390
1266
2726
5642
9877
6872
2762
6857
5170
7941
2947
626
9310
1725
3864
6528
6890
8398
5058
8423
4328
2654
4566
203
9276
901
1069
2863
8575
560
6666
10000
9458
1423
8961
9555
4143
4469
442
6859
8021
9079
1546
7739
1708
4991
1024
2659
4917
6274
3225
1675
482
220
3797
1437
5306
4940
977
611
9037
9703
2731
8601
8640
422
6818
939
1658
5118
884
4441
6015
2526
1686
1086
6431
1421
152
773
6284
3143
4542
2669
4316
4728
6604
5574
2684
2709
5421
7735
8140
7681
5690
2450
4255
5643
5080
7893
3352
9254
2160
5125
4366
3336
2814
5392
4814
5958
5977
4483
1139
7391
958
2481
9025
2498
9435
8785
8441
1339
5457
6973
419
2053
2919
6996
3794
8809
2199
8953
5137
7572
748
3665
1624
2593
2103
9147
9816
8643
1465
628
9362
4339
5282
6072
7798
6006
2902
5281
9417
7814
3434
2616
4528
2313
2756
2693
4110
2451
9043
6348
646
8100
2326
6895
6834
2992
7089
4380
9640
173
7913
1493
619
5566
1580
6718
9194
2203
5891
3294
7012
9707
4965
4992
7563
9838
2316
491
9764
280
2555
8203
3791
9599
6243
7846
2421
3868
9000
6355
5861
7833
9390
9550
94
8903
8375
1303
233
6819
1884
3150
2095
2540
2449
5160
7693
9980
5833
9027
2986
4158
9232
8362
9662
6585
2120
7815
7844
1955
1103
7301
779
1988
4828
5013
2415
1595
315
9179
8896
684
9614
8543
9744
8276
6150
6396
9766
7007
8403
9348
9590
3416
245
2057
6756
5914
5254
9050
1771
5247
5313
7617
2290
608
3600
2351
4326
6714
7743
6047
7382
1503
7393
3897
1289
6899
5294
671
5468
8845
3443
6573
3914
1134
1693
865
9249
4968
3939
4414
6384
1494
8770
6289
1279
3361
3330
8560
3572
6226
7199
2541
3158
927
6600
9322
6861
3626
9368
2867
4648
9064
3786
5178
9811
7282
8501
8521
5084
9827
6440
7190
819
3703
9684
37
175
5477
6003
917
809
2888
4402
4859
5873
3453
788
4822
2908
3169
4887
680
3118
6676
6451
9914
6935
454
5585
1917
4102
2666
334
7558
900
3183
1669
7194
2067
1283
8782
5918
1672
9860
1186
1357
7423
2894
6665
7481
9411
1055
699
5989
66
2386
716
4718
3418
7098
726
2854
5641
8649
2931
3993
6029
4545
7462
6915
2818
5808
1151
8497
3639
2147
9750
6297
7192
365
5559
6401
1463
7683
7313
3893
4680
4493
8148
5481
2763
1193
2040
9278
3744
9406
3162
1239
1382
6924
2944
5575
3759
6964
5277
4601
5549
4736
8136
4723
8554
468
9719
3077
9849
7349
4298
5427
2720
3632
4916
7346
6017
1226
4870
2517
9162
8829
8792
13
9135
3050
3404
8594
1313
5712
6518
3850
5249
5953
3697
9178
4839
4720
5471
4544
9627
9334
8627
4947
1719
895
3887
212
6847
6497
6329
2613
506
7338
4116
5076
418
8750
4677
7544
3319
6162
3819
5820
4084
7153
7903
7626
123
9009
3942
3591
6460
9203
8539
3449
4879
8267
3
7956
5223
4549
4666
517
5298
323
2363
3730
1444
3112
823
2342
9128
7927
3668
7279
5327
4827
1665
376
7648
9436
1525
8153
8352
5262
8066
4721
5968
6343
7515
511
3629
9834
7990
2261
3366
1908
6918
4841
3565
5413
300
1481
5299
9859
8437
272
4223
3126
303
1171
3876
1298
2214
1748
6239
9395
8052
7969
573
7399
6745
8990
5621
460
7598
4232
2680
3882
8672
696
870
6824
9420
3825
9480
9713
652
596
1332
8527
1247
1157
4565
1316
5592
3607
3001
7442
8135
5458
7753
2004
5821
9796
1602
2906
5894
1288
9754
2486
6342
609
9159
7650
191
312
9323
7657
7286
8305
7820
5410
7329
2584
8789
311
4395
5143
5834
1710
6644
9882
3721
6237
3869
9337
4803
8737
3207
6042
2634
6882
1913
3748
615
6953
8108
666
9595
5781
962
6972
3593
4290
1245
9099
6747
5440
6319
9371
1621
5832
2153
9784
8107
8132
7371
2090
3824
2239
5741
9492
8068
3043
9500
804
4939
1547
2339
4444
5002
548
4305
5735
3699
5774
2755
4273
3518
2490
6333
8889
2982
3268
3068
9325
5920
6498
8336
8908
9058
9439
6631
3745
44
3960
382
301
6250
8824
6452
348
6281
6813
6293
469
9011
6311
3946
8993
8991
813
7686
5602
7367
1443
9873
4412
2865
622
9972
605
4455
7748
160
8157
8411
2184
9119
873
7353
6582
8124
4188
373
3577
2338
8632
550
8576
7588
211
6904
1000
7747
6188
784
3785
7494
6144
2820
2893
9447
4713
3246
5120
8030
4705
8138
5030
5516
2753
993
4875
8893
1742
8428
509
3916
3145
2246
6442
3042
7296
4245
7182
5259
6379
4446
4280
2298
9941
7081
7595
5384
3200
8695
4742
7780
8909
8813
2233
318
1386
3211
7408
82
758
2372
3555
8473
4198
2882
1584
6315
2824
4475
2136
2899
3532
4091
2786
2403
8405
4468
9609
8232
429
9315
6616
1249
4155
1586
7358
7003
1794
803
1609
8198
4216
9844
8193
2548
2280
5618
561
2673
7882
5337
2256
7490
5357
7599
6093
3867
1806
2537
544
6212
2690
6255
5528
7611
5629
8806
2880
4530
1201
8559
4687
6487
5772
777
4264
9292
1629
2142
842
251
9413
7775
2385
8205
4856
6077
678
8247
7953
2228
7467
1276
2533
3645
9673
4646
2903
5634
9892
2677
5791
4269
1115
5867
2727
5236
7376
3227
9307
4344
7545
189
5767
7074
885
1827
1177
4890
9965
4340
8002
2335
6318
2495
1788
6828
7154
3320
9523
6594
2084
2323
1550
83
8597
8248
4614
7678
5648
2802
2683
1634
1495
241
143
8573
5798
5836
8074
1178
8468
8416
4222
6942
3812
6049
6382
9940
2344
488
7008
3713
2169
588
3667
7384
395
4818
9134
9821
9063
6984
9209
4331
7771
2636
2207
5139
6941
8499
5880
9045
9457
5086
3130
6678
908
1349
4888
793
7045
45
2023
1744
4203
7359
5255
7136
5519
5645
7044
9456
3642
9057
6606
7565
90
5372
9765
2378
2528
6408
7304
6404
3305
2643
5285
5940
57
5330
4779
4707
2125
4635
6438
9601
254
1464
5539
5051
2123
6833
7108
6266
9714
1638
9955
2777
5696
1447
861
5996
6061
8073
3295
2640
5545
1703
9899
4160
8524
4485
4246
2661
1263
8568
6190
2712
8298
1033
9359
7023
2446
7426
2676
5571
4404
9846
1783
4310
569
3468
3238
3341
6739
2129
1406
9428
3631
4083
11
2489
7491
7649
3233
5885
1730
1912
7582
1578
2482
3182
3792
2658
4373
6879
3985
9686
2769
8299
9477
7096
6354
1452
868
9842
2695
3662
6041
3484
3813
5916
5367
7998
8484
9338
8872
2935
3301
7341
2063
4040
6808
4626
7278
9604
4984
8250
4812
9385
9055
6481
5859
4559
7859
1676
1630
4467
7597
8200
5155
9868
3589
3082
3448
896
8034
8209
5843
7388
703
8812
2892
1583
883
6280
4525
6102
5206
2596
8091
7056
559
1756
6923
7224
7671
5243
1262
6458
3433
1928
4398
9531
5147
2852
6371
2725
3966
7932
7679
8056
7320
98
3693
9516
5530
4573
949
4287
5547
3451
5923
7470
1351
1539
6772
3592
5846
6860
9321
749
8807
1872
2248
1182
6420
7444
934
6655
8934
4768
931
780
8471
7449
3884
9177
9776
2189
2837
5181
697
1924
4363
8533
119
8610
3401
9121
1944
30
9105
796
2672
4311
4691
8753
3432
5657
5014
1776
4436
3035
1502
1684
4575
5264
1168
3521
5837
4036
7475
9234
3907
7578
2688
6298
270
8220
4868
4905
3987
7076
9160
1312
2605
242
568
2049
5883
4945
5694
6203
5942
9763
9689
461
7031
295
3235
9088
566
7523
5283
3028
9391
7150
7825
6513
3676
9386
969
7394
9580
1664
9129
1350
5759
8513
2289
2058
162
9351
5056
1128
7314
3475
4272
7253
2471
9506
2445
252
4643
8312
9290
6473
606
4241
3810
4454
6532
8600
1721
8461
6494
7188
1278
2149
7713
4152
9699
7762
2830
9472
3123
5614
3832
5841
1604
2711
4983
4938
2157
5780
7564
9939
7447
7212
5633
174
8804
9223
3415
1187
1618
6463
3919
3034
1848
8930
9606
7519
9189
7126
4837
8952
6364
6122
6507
3776
985
2389
5270
3890
5003
413
2000
5173
7149
4262
8933
2337
2135
3528
8732
3769
349
8268
8406
8113
8420
1816
9710
5491
2117
5476
2741
4664
5044
4580
7807
8776
9587
275
4022
3627
976
9475
8717
3996
1878
9494
7964
1519
1261
7618
9721
6477
1063
6424
4265
1795
8225
3218
4053
5431
4767
6575
8290
9239
7965
25
9114
3731
7454
6259
5066
2963
545
7621
675
3224
1306
5165
6791
2881
1238
9026
5503
9690
8671
7095
6486
92
8087
4685
4120
9560
5809
1867
8831
6411
727
3165
8890
6009
214
1696
502
4442
6008
8322
6391
3256
3673
4618
5784
5444
201
9452
3285
3575
8708
3706
9668
2884
1781
4148
1531
6728
2494
5976
8742
6547
6101
4756
751
5967
7414
2926
6493
5493
4297
6095
7901
3185
6679
9042
9847
5452
9241
8402
7107
1260
570
1738
157
7819
783
531
6740
9622
3092
600
5710
4360
8847
3099
4642
6506
8755
9265
5898
4877
1456
1140
6789
3705
1391
9732
6913
227
6080
199
7981
5515
1102
7013
4823
4473
4896
3913
9125
3637
283
9722
4205
4015
2633
3588
2242
9013
8905
6156
5209
990
3977
6456
7630
1999
5336
217
7160
7918
9854
9947
3772
5509
2397
3250
8835
2742
4427
5669
6425
4652
4230
4826
8508
1007
3524
1700
7659
2563
683
9303
250
3406
3686
4755
5854
8939
1434
6165
4386
4891
7701
3502
3761
2697
7764
8216
5434
3570
6820
5570
5541
7958
2180
4359
4623
4259
8397
2081
3036
946
519
5100
5961
63
5418
4294
1202
2558
5786
9953
7270
3656
8659
1915
256
3186
2086
1416
3474
6185
5204
4912
5185
2812
5656
9021
7498
4295
1142
929
4013
3132
992
4177
9894
3999
2278
9767
3743
8174
9369
1512
912
8385
3530
200
3308
4617
5909
8145
4976
7002
9906
1174
9226
7802
3125
8850
2016
6712
1286
8802
368
592
3538
9111
1617
3381
8450
9683
2470
6778
2521
296
6148
9982
2192
155
1480
4503
6068
3228
1190
1390
9596
6727
7857
9869
9151
4765
20
2077
9835
5052
6062
3464
3362
3399
8013
7694
8467
9513
1893
9344
3956
1062
6723
3025
7652
5322
1469
7710
4206
5612
2956
3845
6081
5266
3266
7123
1593
8390
9752
7766
907
4599
1517
9679
3861
3578
3245
8592
3177
3803
6323
2708
8979
575
7702
7966
1192
7334
9885
6078
4587
6801
184
8341
3141
2477
4434
346
8955
3156
8077
3011
2496
8616
1132
3594
1784
6339
9961
8410
23
7198
3000
3619
2216
5271
2384
4624
7930
2322
1528
7783
8388
3249
2110
8037
6073
5550
8204
9283
9520
2821
9645
7692
6193
7821
4902
7471
6209
1214
5579
2996
4008
7793
2912
6831
7085
1458
7246
9895
7030
371
1628
1561
58
2428
8664
1323
4820
8673
1056
8313
4301
4285
3098
6894
1362
6653
8283
1319
1200
379
9728
7864
922
6589
9020
6521
8199
844
4151
1877
1092
9724
8278
9463
6595
3780
6983
497
6886
5524
6937
5168
7823
2106
9143
316
1127
9591
1019
6400
8150
869
3486
787
2416
593
9152
9382
850
5510
6557
6597
5123
5399
1468
3155
1565
9616
9107
9104
4751
8694
9342
3508
229
4539
6390
1641
687
6529
1216
4899
9503
2583
6199
8854
1149
247
3316
5320
1855
860
7234
1765
8810
7165
2862
8217
3485
7052
6065
8262
9610
380
6704
3466
9952
1726
1068
9054
6169
9696
4978
5927
1838
3921
1970
8832
9499
5842
769
3799
6610
6215
5879
9286
6548
6461
1242
7067
1770
8602
2376
3312
4121
4012
246
9532
6186
4512
4634
7534
7975
4237
7000
7379
134
2551
5946
6337
108
343
9133
4284
8867
5240
5070
1227
137
5033
542
41
739
8098
3650
7131
1807
6788
6056
9485
9692
401
4175
7840
4063
5375
2024
5631
6177
8033
1438
5557
693
2747
6720
9993
3715
1600
5962
4113
3505
6149
2914
9974
1130
7944
372
2792
1112
8075
814
4106
5558
5012
6873
4131
2610
1013
236
7818
3784
1951
5272
2018
9090
9208
7799
6087
1431
286
9706
7213
7885
5446
2984
4219
4044
7006
2717
2354
3389
3771
5053
9790
1856
6922
3002
1682
4982
2074
706
8363
5802
4557
2104
394
8414
9574
9381
4743
2817
6902
2566
4797
7484
9106
4598
206
3058
5500
1032
3581
2501
7989
701
3251
9634
5390
1698
347
24
8851
9002
2740
1259
8557
4602
5527
4653
1965
2513
7053
3498
8364
7370
5256
8258
6559
2536
4184
9530
3672
6244
7658
3394
7723
3314
4853
3873
858
2358
7171
1599
9995
835
4950
7375
8285
384
4847
3078
95
2408
9039
1945
1554
6059
6698
8874
1548
2847
6033
9418
6530
8877
5462
6854
9425
2007
7971
8029
2330
1791
601
3160
8261
4793
679
5351
9913
2345
3476
4024
8060
406
9444
6265
6282
4846
9252
309
5043
6271
2808
7476
4923
7328
7979
8307
7508
5116
8607
7142
4795
499
6928
4904
480
7752
2314
5560
7316
5386
9157
2308
4739
692
6641
6218
2895
4320
9392
8842
9992
5024
1030
3499
7615
8197
5175
1191
7431
6531
6291
268
6160
8234
532
8345
7731
1489
8525
4706
2267
7403
6682
1204
6622
6083
1720
9915
9579
1435
5826
5943
8815
9109
5482
1454
6802
583
1610
8645
2048
8490
2353
4683
9670
791
633
2929
5081
9660
163
6863
2988
7138
8346
7073
2218
772
8001
2832
4235
9664
2990
2188
7242
9902
2359
3805
5576
6098
6733
7357
1920
5733
1158
9643
8541
7594
8317
7744
194
7400
3086
8045
1124
7758
4138
2237
5087
3492
381
8404
8973
9746
8418
8229
5177
4711
5817
1978
8242
2923
6581
8025
2630
5896
523
2872
5538
7407
6980
9672
7573
6832
2213
4636
5587
2681
3954
6202
4918
2406
8679
2841
6612
7811
9617
3471
1470
500
5756
6974
3440
8311
5172
8899
7511
6491
6617
1410
9898
4495
9650
3278
6108
4778
1626
8067
717
2849
9332
6694
2066
9537
5192
2656
4315
5287
7570
7705
1225
2531
6222
4178
903
5986
5720
7445
5268
9479
3356
9775
7352
8271
8989
8429
4930
3057
1566
3184
8356
525
9095
8338
4933
2974
8143
3272
7055
6627
5166
4317
6658
8720
2396
7424
9049
6127
3332
8919
7433
5319
3885
6839
3008
4513
2871
3621
9496
6939
7499
2810
8897
6221
7512
8103
1706
9644
4597
9694
7488
5093
4199
2607
9613
6117
8937
5447
4572
1864
5345
4348
5456
140
5369
274
6060
5315
3388
7486
2706
636
2072
2582
4523
7281
5584
9115
265
2155
5900
2752
6312
8940
6380
7787
7904
1197
9301
7380
3623
7478
4604
8767
2554
1705
5804
9946
6683
1799
9912
204
5114
6851
8706
6395
3763
933
729
6141
5761
1709
9839
2614
4805
6128
846
1229
3277
7838
6327
5005
7996
8774
2976
664
7892
3997
2973
1946
9567
9423
7179
313
7024
4936
1717
6028
1031
5901
4304
6671
8719
5630
8925
9529
5388
7035
1793
9708
6090
691
3039
2861
2823
8526
2678
7826
7453
5551
9191
3022
2060
2875
43
261
1942
7492
8693
4108
1732
402
2530
4400
8771
5184
5149
7231
1648
243
3536
6459
7266
2173
8834
4496
2068
5878
2965
3127
4299
5258
244
1237
640
4058
3088
8836
4419
7794
2232
760
8839
6317
587
9778
3413
5865
1619
9185
1175
948
35
7446
4026
6621
6376
4569
7311
7290
1505
1718
1156
1213
2922
4515
3226
7117
3563
76
8848
3120
3291
105
6555
9858
2101
8206
5443
4165
327
6233
4560
7151
1457
8314
3195
3874
1054
9711
3820
8333
128
9773
7066
1919
8085
9826
3106
3915
6200
9288
7827
7810
2006
7059
3822
8172
6954
5766
1707
9182
3622
6535
5565
363
8207
5174
8245
8489
653
168
9681
2161
7942
1529
1911
2458
5746
3998
5504
2427
1764
2591
3506
7663
513
6798
4502
3495
5965
8727
6998
9466
9717
4675
4541
2014
1977
7616
4422
8833
9424
7340
445
9615
9034
8079
5810
3074
4234
3573
208
7111
4416
8498
9404
1446
2032
1993
8134
8486
543
3219
4134
4333
9498
837
8869
8147
294
1515
9052
8741
5350
8751
2625
2075
5619
5089
1165
46
1757
2310
6823
2201
3584
5325
3833
9697
3871
2054
1537
4986
1501
2619
1029
3168
7851
8820
3961
3859
4019
7097
9916
9061
7071
2193
6234
4293
8698
5104
6803
7205
4168
9862
5097
1460
4995
1518
9911
6691
3201
3701
7776
3806
7163
989
6485
9726
7174
7622
3463
1801
6031
107
8623
4811
9154
7968
7982
9755
7754
2525
9989
2507
3766
2274
2870
9448
5227
8487
7177
5050
6696
2836
7130
4456
3262
6044
9282
3624
5738
3911
8631
2702
4516
2959
3269
4663
9801
1611
9096
3258
5269
8542
1405
3653
8784
1293
1983
7405
4443
3827
3456
8351
9378
2767
6887
3644
2674
2118
2466
1608
4060
2508
5246
3553
689
51
9536
660
1824
7878
4405
2409
7627
1521
8187
5150
8281
1699
2556
8710
4228
1042
5952
8116
8003
6930
1552
9871
7977
1507
2430
3438
3395
156
8064
8365
2284
7629
2900
3139
3281
416
7946
5932
5955
1432
4547
8797
5102
6414
6552
1543
9588
942
4181
3344
9331
4032
3950
9161
3282
9712
8133
972
4260
8389
676
1059
8992
282
2609
9546
6392
4994
1496
7791
5214
681
1509
1998
7219
8548
7937
1427
7019
6761
3445
944
423
8475
3994
1375
598
1750
8377
8583
359
1605
9575
8097
6422
8243
3083
4341
3557
8547
7036
3851
4365
537
4591
2294
8674
9306
6313
6563
9949
2134
5695
405
9014
5195
9235
6659
3333
2510
9005
3117
8447
8808
3175
618
6717
539
9089
6892
4885
5430
4167
6534
6805
9880
5352
7993
9618
6633
1255
5092
9291
4491
1088
7297
9263
9003
9593
8652
7925
4620
2723
9583
5679
5604
1254
8790
8332
2930
2422
7861
8444
8972
8922
2137
6362
4136
4671
5016
6975
7907
2710
3685
510
8459
9408
7522
7362
2197
4490
1923
7706
8655
7715
8289
8888
9918
6848
988
9808
4350
1011
3880
8462
1818
9729
6511
7206
1871
5037
1219
5999
894
3599
3400
5007
4054
6446
3925
2164
5219
4900
8309
3410
6512
5288
6082
111
5189
981
5311
1101
4519
8618
6883
8043
8746
9478
4229
8795
9923
8516
1579
941
7970
4296
4016
1328
8233
4740
2247
4417
2953
4073
9357
6383
9977
7948
1767
5745
9967
6107
5985
3889
915
5071
9624
4128
945
7908
8241
3768
3554
5026
3760
994
5039
4866
6374
6615
1445
8551
403
9931
3574
2961
5241
1166
2782
6827
4647
3517
2432
924
9772
7961
8360
7221
9320
89
49
4190
9910
5668
4107
2488
8196
3511
4122
734
9607
5872
2940
1172
2341
7360
8596
4352
1966
118
6885
7452
4042
7736
483
7158
4697
2689
4452
3938
4476
2165
2270
9570
4522
6208
9720
4346
620
1381
9760
8214
9489
6697
3089
6013
9438
2577
9117
8651
1769
9022
6777
9663
7749
4115
5057
1484
535
5789
1773
6106
5825
7077
4100
231
3063
2826
2317
8550
6241
6537
3497
4487
4788
3229
472
331
7586
8090
8876
3764
7868
9676
5403
1022
4253
7917
2254
1974
8009
97
8210
7196
4864
6554
3487
3896
6981
2546
425
4696
8186
4815
2516
2374
7962
1058
5750
3375
6187
6692
6328
7805
831
3728
5349
8614
889
1268
7404
563
4825
4210
325
3327
1089
133
8757
9216
4342
3551
3789
3340
3163
5292
1329
6365
1256
1627
9308
9148
5778
375
6495
2045
2776
6725
7033
2994
6986
4189
2109
5391
1939
5907
5975
6884
7865
3439
8265
6635
8976
5892
7703
3114
638
2360
7870
4458
8188
2235
7017
541
4791
6774
4000
4897
9666
7912
1057
6729
2621
6618
2750
8608
4306
8387
5822
4314
8517
3190
8644
1811
7406
3346
9667
9688
1075
3284
6586
2253
1045
6309
936
9633
3280
96
5951
2395
8670
849
3197
1208
4362
4323
3920
3541
4081
9908
5286
534
7556
3247
2838
7260
7101
8951
8661
7249
8325
9132
2258
5639
6366
3264
3384
4154
7170
3059
3174
3047
9563
6123
7435
5754
5945
3613
8027
1252
3152
7280
8301
1640
5483
8040
1751
2116
6330
4048
2418
736
7847
3720
3090
6734
6130
4211
5736
6809
2249
9774
8481
153
670
9190
5533
1477
6910
9619
1315
7608
838
2718
4173
1413
3204
1894
3614
6536
151
9059
6821
8023
8039
2050
263
6419
7437
4926
7730
1273
1652
4960
9199
1490
2334
4628
9206
2414
4283
4928
6197
4057
6603
6542
5603
722
3856
7656
8780
1336
8805
3496
8366
6866
982
4689
3430
5838
1734
8822
8722
7425
216
1800
1582
5344
353
6636
2878
4613
6069
391
8017
9256
4568
970
5467
126
4709
6932
4244
7529
7980
1189
5988
9251
9120
5513
7167
7225
8582
6064
9540
7555
8054
8734
2343
2133
1747
7547
6949
7027
4133
8900
7274
8427
431
31
2587
8967
308
4799
5742
7517
2089
5422
7127
9186
6735
1857
5317
5009
7601
9432
4166
2966
8744
4267
9659
7936
9997
3292
3932
2657
5938
3020
2387
3767
1637
7079
3917
5812
4031
7386
9735
8173
1180
5708
9410
9700
2504
3402
7133
7472
9805
2916
4462
1095
5744
1895
6303
8712
3017
9586
7122
1194
4699
7725
1822
4061
3965
8827
4942
5108
7576
4774
1244
8254
3539
3053
8749
1802
5762
4196
8194
8783
1105
4037
5380
32
5526
5424
7550
1163
7273
4781
4438
271
6172
6011
6940
1363
2179
8178
1301
7760
5562
2281
288
3014
4873
6436
3044
7531
2773
1097
1071
8584
5409
7906
4961
6850
700
7959
6496
3171
6605
8419
8725
2515
9060
5127
3488
6867
2649
3298
386
5971
2379
8042
2087
181
5212
871
6126
2163
1976
336
6640
4861
9534
3164
5707
5398
5987
9646
5757
8745
8394
9872
8975
2424
5777
6846
9736
4101
9138
1125
2991
3193
2866
6963
4035
1549
9781
3793
2332
2174
880
7466
6997
3814
3030
5910
8861
4633
5807
5737
6504
2275
9245
3724
4794
7483
5572
4588
6406
986
8781
7845
1472
8340
9656
1113
1047
5596
7267
262
9803
5188
3065
3407
7397
3531
1271
106
3798
9927
3802
9620
4944
5771
9085
1384
4383
1207
6836
5924
3335
9779
2328
9907
5685
6568
1553
9268
3309
4266
8165
5290
2475
2883
582
1085
2429
4878
3605
768
9401
8272
5599
5819
5693
3545
720
6909
9373
9723
9431
7473
7102
952
9294
7034
612
7718
6091
5454
3550
4686
4079
943
3214
5544
4695
142
9954
9108
7539
7507
7600
4996
9566
2186
6781
7729
5811
8723
597
9261
1074
7575
7569
5083
4361
7869
8612
2022
9040
4271
2315
6599
8470
5722
2928
5297
3710
7661
1562
52
995
7660
5453
8823
2920
8069
8841
4551
6273
1890
8529
3297
5993
834
5442
1424
3026
8949
4593
5568
6368
8339
4009
2052
659
4548
1590
3811
9012
7315
3749
5855
9635
9032
3617
6787
5857
2128
7957
8223
6856
5588
9556
5404
2462
2576
7166
3095
5863
7232
9968
9549
1348
6449
866
1962
7721
3753
5179
6421
5995
8031
623
6238
6286
9975
6427
8280
6168
6112
2790
688
2611
1907
9608
9649
5321
8588
1017
7792
5775
9740
8549
919
6731
5129
9137
215
9275
17
9299
4034
9440
329
1712
799
8493
9304
774
6092
3261
1361
5098
8564
4277
4932
9799
6321
2208
6681
4843
3066
1010
3618
6000
8724
2333
3458
7051
7527
420
3674
1622
5164
3303
7653
4250
7058
4319
5922
1644
8115
1823
4972
1592
158
8274
3109
9652
4865
9317
6545
4883
8987
5472
1687
5948
6746
2230
6840
4931
6270
7143
1666
1367
6180
7566
7796
6480
8275
1891
6869
9041
3520
6228
7237
1805
9820
7955
9951
8998
9201
110
8510
7262
1374
2033
3253
4104
5611
8981
9300
7589
9637
8466
4832
4489
529
292
5063
9376
5151
8865
7537
2393
959
2172
8287
6716
2114
7412
5354
5245
5636
3948
7259
7672
9483
8880
755
8488
4082
4351
9018
2603
7005
1041
7256
2402
9437
7202
745
695
829
6664
6500
6574
1727
6377
3012
6499
7984
2460
4038
435
1990
440
8011
8315
7639
7759
6052
1474
971
2236
6353
5960
8571
6987
2079
6584
2601
2760
324
4207
9653
1754
8384
4567
3975
8004
708
4758
62
5289
5017
9044
9678
3716
9468
2980
3459
3704
6675
7568
5309
4726
5941
4716
5721
892
5144
7348
4786
6646
8057
3119
4449
3446
6402
6155
7415
4045
3708
7434
9287
8691
6509
4161
2152
5445
148
1006
8163
9718
2805
7604
6005
2622
9554
5068
6743
6002
3450
9845
3711
305
3166
5329
7020
8160
3380
4252
6039
5848
890
5362
9171
5059
3682
6826
1532
4956
8567
4678
4377
1831
4300
1996
8574
2356
1869
8866
7709
228
8894
5534
2156
3696
5041
5171
7411
8231
7888
5335
9828
218
2967
2518
1211
7037
4500
6868
4052
3649
641
4840
5027
6223
8316
7208
3405
5502
8502
3191
4761
4065
6648
8730
3220
5112
9876
8709
6413
3598
6206
4529
9195
235
7043
6468
2441
3212
624
2552
6804
2211
9383
9937
3108
6660
5273
6771
7767
8747
4145
8155
1066
6613
5148
8756
5162
8912
1305
5624
2561
8675
8840
2565
644
1914
4484
2154
5301
6674
847
2675
2969
1573
4546
335
4884
902
5597
8431
2367
3023
854
8926
6748
6129
5758
2952
4886
5485
7557
7879
9934
2098
2567
6994
9542
9023
8777
9929
8464
149
1662
4941
9010
100
6896
1975
6314
712
1523
1450
2269
1826
2260
9501
4345
756
4433
3558
1711
6344
9329
7950
8328
8997
6483
9585
1812
9341
5888
7057
9547
5709
3729
178
2455
6993
7485
9936
4126
6399
4270
6263
9669
3844
2492
6302
4498
116
2503
5718
2897
319
5966
5226
2200
2206
2295
8605
2107
6931
3349
9762
2002
2285
1841
8435
5465
2698
8988
8137
6898
547
1933
3514
5478
8697
6901
2606
7712
798
103
7642
3800
9361
2454
8121
3596
5381
1471
4655
8446
2527
6760
6214
7740
1735
9312
8683
5689
6054
337
9956
7910
2039
4225
358
6032
1880
2491
7336
6351
8456
5743
1393
6816
4985
328
6651
4975
4702
4622
3908
6295
6933
5385
1082
1146
9281
9950
6870
5365
553
9568
3259
8523
1023
3762
5792
8320
2175
4096
3338
2468
1043
4766
8348
1368
222
3267
2383
1576
2093
9445
3208
8911
5806
1544
367
5567
815
6769
6176
4993
5355
9056
2692
7828
6198
4389
9889
7839
6619
2700
7457
913
4486
3586
3113
1153
6397
5673
5608
5067
4784
1790
1702
5912
9978
1258
1858
2833
1333
6505
8451
1815
8478
2535
6264
6502
408
5300
72
4413
6785
3853
4704
2287
4447
5659
9737
9840
3995
2691
385
4540
8509
9642
5982
8868
1272
8818
2340
9259
8617
9879
7874
9354
240
3687
5647
3040
8692
827
8094
2789
3969
1419
5008
3205
7061
5686
9527
253
8873
8347
8538
4028
8010
6389
9366
7607
9336
7580
5839
3081
3930
6074
4492
8667
9399
663
3888
188
5238
5661
5540
9984
1462
6409
1407
5210
7239
4776
3972
5449
3483
9878
1352
7812
3351
9602
8139
9901
9388
7200
1277
4741
7401
2628
2177
3045
8760
6349
4248
8534
7333
1016
6305
5790
5128
2907
3192
99
3625
3390
7285
4499
5216
8943
4421
1785
356
9490
4595
112
1135
4935
1514
8260
5660
8105
7450
6835
7835
3084
2632
8862
3128
8252
6182
2453
9628
8721
8641
5921
7417
5248
540
9430
1987
50
4980
2580
5765
3491
579
1120
8738
753
1957
3489
4424
5517
2419
7704
1656
1210
9295
2392
9318
7574
5359
5407
7923
4007
9600
1906
6654
5729
7666
4240
9459
8910
4681
195
1287
8161
8803
1555
27
1870
1048
7347
6352
3909
6195
3062
5732
2026
1982
7456
2013
2051
4375
1745
281
7750
4874
136
6020
9429
8380
9487
3752
9990
1308
6229
4914
4682
3420
7381
2469
3275
2091
7974
2560
2410
5202
898
7786
3038
75
6738
2629
9482
3652
1404
3144
3237
5072
1952
6591
9136
4140
3302
7513
5464
8463
2042
3479
661
7299
6629
3478
5862
1354
2434
4700
2144
1639
8065
9870
7324
6672
1420
8125
4578
3129
7183
1110
2729
3232
71
9046
6100
578
4472
9621
7785
6046
2795
911
4600
9705
6753
4488
9545
3091
5339
9339
4782
2070
2617
973
2995
4710
1650
3976
4506
5396
5220
7480
1144
8288
6320
4142
7856
3569
3424
1025
4135
2346
508
2185
289
6133
4191
7506
6908
5555
6564
4043
3392
3409
339
5358
4715
4390
3172
6570
273
4921
7092
3739
6407
3568
3187
4025
3603
2663
3370
937
5416
432
6783
7987
649
980
6181
3180
3962
5229
6593
8012
5360
3781
7933
8293
1044
3493
580
2461
7060
8791
9553
4322
4480
6830
6711
3437
1026
3849
8915
7339
9709
86
7068
586
595
3638
7443
6489
8530
1346
6482
9651
530
6097
2404
9822
7322
5004
6360
9076
6516
1052
8656
6515
374
5105
5488
9785
1716
9279
3931
6134
4127
1670
864
7214
7032
3216
9093
6525
1310
1344
1378
4584
1221
1910
4518
1005
1677
1731
443
369
8024
452
572
5085
2078
1846
974
1567
1099
9314
2905
21
3899
3234
8179
2538
4075
2797
7633
5521
3507
3379
5913
3287
3290
1337
6053
5864
4801
8224
3149
538
4004
6230
4327
4780
2273
9999
8170
7831
9144
1885
3765
6592
4224
5688
9343
179
5768
8349
8038
15
713
6693
1430
8175
9346
8593
6415
2796
5387
859
1448
6125
9863
438
8123
8046
9964
4039
7514
8701
767
1084
7461
3694
4006
1803
1161
5028
6322
1892
8946
2699
8528
290
9597
479
7229
3608
987
6336
8514
6556
3293
7714
4209
2637
4892
2423
2801
3809
260
7302
1854
9966
2951
4988
855
1321
6780
8382
6784
1830
2829
5906
2382
7682
9960
6248
5964
9497
5180
5156
4374
3299
1116
3718
7100
1479
4852
6700
3912
8284
5646
433
3779
4789
8677
1551
6526
6341
8202
6881
2822
3576
9324
6508
8696
1989
2631
5233
7685
9225
6285
9349
6626
3620
4463
7157
1761
8960
8337
9671
4611
279
8954
7945
546
3989
6852
392
8251
3069
4722
7429
3903
4894
3093
6690
464
4288
213
2972
8830
9073
3331
4564
6370
8354
9
7963
2798
8236
1968
9528
8177
776
5348
2437
234
4574
3546
2484
2479
8331
8319
3949
9473
2743
5096
3669
1
4738
7610
3756
9864
14
6638
2400
4538
4777
7325
2204
8689
390
2547
6736
3677
3847
5448
4355
3428
8120
6146
5356
5429
3587
1541
9219
1122
6838
2433
8302
2853
3951
2936
1612
6465
3213
1394
5001
3101
3257
2420
7842
9841
9230
5605
3079
3751
6036
810
7988
5607
2744
9630
9393
4337
2781
2138
7699
1478
9397
8941
9557
8270
9658
9205
6471
458
881
7184
7774
7257
6275
8657
3774
2898
1953
8244
6673
1589
8111
9926
6161
2937
4378
7800
3071
3173
1365
1774
8171
451
7530
8553
5713
1538
6912
9509
3582
378
6558
3490
1098
3726
1681
6750
1077
7801
9426
1217
4582
4668
54
9298
7169
165
7995
7402
1379
6423
6079
180
7501
1409
8334
9069
6287
3815
1568
1078
8425
2059
7440
4922
1860
6587
56
2108
3194
2223
9029
138
1587
1253
8969
5632
1724
1534
7994
1739
8754
1449
3923
5667
705
4830
7609
8963
3339
80
4727
3823
7841
1491
5956
7065
6806
6167
3788
4368
4507
8935
169
1832
6260
5435
9753
6934
3841
1821
3934
1743
1003
9233
3244
6643
2737
9365
7781
589
2009
3051
6210
1570
5889
9469
8182
5734
5018
9253
1270
7161
8857
3657
1868
576
2671
387
1520
1882
4372
6946
6837
6194
2097
998
9077
5062
4239
4616
2080
1991
5947
6444
7533
9702
5293
3924
9222
2320
7318
698
7438
9100
4249
3635
9505
6240
1663
7772
4440
7581
782
830
8151
9247
4432
6276
3221
5423
456
9409
9196
3660
6614
6611
9502
6652
444
2126
1411
8044
1585
7241
3146
920
465
6965
1159
8565
2550
2011
743
9272
8494
9415
4074
6938
965
5684
2819
9655
1076
3103
7021
1418
7244
1940
2939
8326
6985
7104
7916
6012
7997
6991
2182
338
3072
2478
3383
3544
8984
518
2296
6706
6175
9084
1883
4274
4381
2948
5159
851
6533
1347
1833
7088
3964
7049
3741
2998
6538
7973
19
6426
8779
4698
5893
522
5514
9350
6914
3663
4769
9451
3427
3037
7042
3482
115
7022
2879
8798
3377
7366
5217
2520
7832
4023
2119
477
2288
9465
7422
1311
8109
4415
5763
8240
6154
8436
9517
4221
4067
8032
7026
6346
1903
4051
7816
3525
5553
1040
8119
7448
5276
2083
5522
8927
7306
9807
7463
6292
7308
4692
3236
4543
8968
4672
8758
164
7691
6960
4170
486
7541
340
9427
1250
5697
9592
7836
7451
5291
4514
4156
448
730
6956
4471
8665
6432
8413
682
7602
3943
3357
2292
6580
6527
5882
2405
2968
6889
4817
238
4637
8871
2030
8014
8971
8668
7233
9258
6418
3386
190
1145
4141
4592
5432
8882
2757
6278
3015
6657
7252
2198
8718
6306
2312
7271
9594
455
4701
1188
4606
3033
3371
7294
5394
9453
8185
5929
5683
5637
5970
166
590
2113
1155
1980
4977
4838
3178
2111
8308
7413
5169
3041
5508
3286
4867
9852
3239
9817
8773
4570
9118
7152
5726
7063
4657
9313
3754
4731
9244
314
6567
1817
5856
9188
2719
9759
1542
8690
1540
2166
3984
5554
2064
1660
3840
1037
8469
4744
1138
2911
124
144
6152
3952
4752
476
6145
1759
1843
802
7741
9246
7525
7247
466
6430
8838
7016
1995
3408
1104
7926
1789
8048
409
7727
5338
7619
7419
8379
8796
9518
1209
5110
4247
485
2714
2685
3875
9909
2483
3136
1572
6668
9979
9629
127
4431
5038
4193
1814
3060
2594
5949
1338
5010
2945
6958
3473
5829
2263
5654
307
1614
3472
5665
9218
5186
3116
1729
882
475
581
5119
7548
1345
1487
7087
4303
2502
4974
7018
2146
9193
1635
906
9181
2860
5904
4085
5393
7307
8892
7850
9164
7646
5196
9524
5426
9266
3353
2459
6373
3842
6018
1845
8913
4450
5308
4410
3374
6249
9033
6334
1697
7728
276
9340
364
4097
8844
765
2069
9019
4745
9367
747
4021
9800
4470
4760
7482
6439
9920
1948
7319
5594
6628
5495
7924
7416
6797
9543
2277
5090
5497
709
2217
77
3947
2472
4208
2827
4095
2225
6979
6153
3988
6865
6121
2102
3019
304
2027
2369
8666
7001
4428
7363
4659
1051
2730
5760
8303
556
975
8739
4807
317
8455
6577
8762
4172
2722
7696
9552
9116
2732
8106
766
789
2938
377
9248
9434
8898
8167
4785
7894
8853
2850
3157
5490
3901
5130
3821
5525
1680
5740
3787
7147
5296
6235
5088
4577
7378
3922
350
564
9888
1162
2962
8870
9207
5133
170
3602
8129
651
2474
5036
9213
1081
5176
1932
3189
9098
9548
1571
1623
1925
3740
5813
7983
826
5073
2985
4238
5973
5747
2874
1415
4674
9400
6875
121
6004
4251
2480
6213
8676
1746
5871
4920
1234
8480
1715
4195
8374
6961
7751
4312
7881
9345
2873
3414
267
1383
9865
1588
84
6900
1300
9356
8944
5853
87
4139
5705
5890
9786
7577
9262
910
6944
8330
3206
1591
3986
6550
7112
7769
5903
192
5753
9200
5770
1559
6551
8778
966
9123
5582
1772
6290
7432
9302
6166
397
5451
3363
4714
5992
9559
9139
8611
6782
6191
9280
5242
7343
7326
8417
2891
4511
6428
5627
4194
8304
2487
1473
5417
1326
4289
5990
7264
8291
6476
9072
1400
6768
4753
3054
5561
399
6903
6252
8376
1524
5704
5818
8646
2170
9197
362
3634
129
1740
266
4406
5122
4673
9510
494
453
4517
473
68
3046
2608
1497
3680
7209
6304
1215
4949
2305
2375
4066
2941
5199
5869
7909
7853
2651
3322
1971
5373
1441
2205
2127
4453
7321
7164
2933
991
8635
8793
5205
7638
4508
5326
7929
1926
7662
3560
4335
2615
1779
1840
6906
6807
5598
4330
7768
3747
6307
7976
1164
7361
2291
441
828
6989
1414
3061
5441
2523
7364
3254
4589
6624
7938
8454
6776
5341
8358
5830
370
1847
8292
3937
5412
4002
8158
5672
8786
6800
4550
7128
3283
8515
4537
8190
6094
9830
3372
2300
2736
7226
6968
4855
7119
8907
8496
5208
7614
1183
4282
5021
824
2915
7697
792
6517
9521
9867
867
4553
2301
5304
3855
2595
1853
2141
825
4908
821
2444
5844
6340
5252
463
9370
2438
7137
4849
9394
6647
9221
714
5845
9836
352
9462
2694
4094
3311
7939
1752
754
2373
4556
1749
8378
4631
6453
4179
3016
2715
2813
6066
4963
8684
7863
9930
7028
9777
8970
928
1643
3310
6667
326
1763
9792
6732
4429
3980
6179
5794
778
5852
9273
737
3523
5183
4703
8282
2448
2100
1836
6741
7746
3073
6367
5950
6021
1535
9270
185
574
3816
4118
9103
5911
2283
5917
4336
2809
9405
552
8051
725
4064
8977
1810
4445
9419
9589
7632
5787
9309
3087
3188
2653
2655
8055
8637
5609
426
3436
947
5542
7625
1143
4526
790
7532
7806
490
7676
9293
3018
4425
7091
8816
2788
2465
4204
131
9938
4093
6219
9094
8321
8164
109
2191
1931
1758
6375
738
7991
4911
4806
613
848
872
9903
74
389
8369
5011
2025
5840
9783
2112
1762
8335
8788
8578
8096
8983
5601
2209
3345
9082
7837
2282
909
5997
3315
5670
7571
9102
719
7889
1108
4998
3243
7191
6254
4275
7967
9086
12
9183
4688
2779
1107
139
5874
239
120
3007
6245
8218
9806
5640
3067
2761
7742
3808
8932
7902
2043
8895
4268
6070
7986
9987
1488
3691
1701
3770
4536
7176
2436
1956
8421
8426
1451
5411
3096
1921
8828
7737
5408
5887
5135
4460
8041
3935
6766
9971
6793
2250
7254
9461
9814
5158
2623
1402
53
878
8726
923
8212
5167
8558
5075
4243
657
5573
3441
9962
5279
291
5374
9165
2297
5046
8801
5981
1671
1232
8142
805
9491
2975
9626
3032
7427
2544
59
9751
1934
4605
4437
2240
5494
1307
658
7039
822
1655
6669
4759
8995
4397
7641
8768
7144
4088
7064
4068
8587
1401
1558
1849
6844
7048
8819
495
5972
1050
1683
3296
8579
8826
1986
6645
7567
5
3110
832
957
9904
9217
8183
8050
5868
1439
3510
6099
285
3689
9745
718
6742
7590
5593
1170
528
9187
8591
3843
6479
3940
4889
1342
1775
2652
4464
4114
7272
4831
6744
1969
5343
6035
6959
8630
450
1380
498
264
8884
5564
6105
5801
6699
4821
4661
3641
6560
3968
3852
4146
621
6075
5764
2599
4050
4392
9175
1147
9289
9156
5831
5280
2463
2021
3368
1483
7883
5915
2650
4313
2803
5676
3757
8562
6724
9255
2183
6143
7420
3900
645
2564
3736
449
3094
7591
5346
1905
2071
9493
4430
4477
5919
602
603
5428
7867
3100
3509
7788
284
2467
6687
5677
1476
8821
9757
7288
9788
6925
1280
2707
8552
7745
4969
9572
4819
412
7583
2733
9905
3519
562
1257
9488
2029
8906
6874
5113
42
8297
91
9818
8018
2279
2772
5251
6598
9078
6267
7757
3124
6730
2612
2457
7344
853
8327
8438
2245
5511
794
6037
5959
8434
6546
6335
8918
503
132
2041
916
9113
6088
2038
5536
3279
9001
3549
7985
7899
2620
5937
2303
28
9641
9636
7342
1320
9791
8483
3080
2327
5876
332
2716
4612
9924
8445
672
6948
6205
1373
1027
9146
8985
6455
3271
4086
9881
7292
6795
6110
9081
9573
7623
3547
8300
9770
2638
1433
5580
6251
6048
3542
322
8507
3260
7175
7374
2627
6417
3590
2181
6159
5620
7884
8415
3373
5461
3422
7673
6131
4881
2869
5994
8367
8628
8636
130
2255
764
4693
4018
3659
8633
2868
8361
1377
6688
7795
73
3857
1264
7086
5625
7500
78
61
436
6261
3723
210
9793
8978
9215
724
3153
9326
7505
3378
3105
5419
6220
6726
6544
4907
7972
6247
9756
161
3878
4531
4356
278
1985
732
3647
9598
9327
6296
9377
4157
6183
4649
2017
2073
9065
8957
6
6864
6445
8713
9564
1964
430
9212
8235
8764
2500
5858
4962
1203
1865
5505
9730
1607
3643
4999
1963
4479
7518
3056
9372
8353
3775
7603
7180
5902
1889
8409
9887
6992
8714
209
2644
6752
8099
7468
9328
5152
5082
8393
9874
2176
1545
7218
5194
7323
5635
3024
3945
5700
6579
1060
5363
759
3910
8253
4603
5106
8901
4027
9047
4302
6553
1359
5138
5613
2705
4632
5701
1173
7283
6063
536
8625
2394
3134
8400
3265
8569
3537
5065
7824
5682
1636
9674
2272
8500
9112
7365
70
1522
7090
5161
5213
5783
9743
6378
2825
427
6310
4465
9761
7716
8639
6457
9267
9224
5405
9464
9891
4384
3176
6779
4033
3818
5788
2167
5583
9815
5078
7156
3274
3886
3695
6566
8522
504
3679
4872
226
4029
1482
7075
7613
5232
1412
5215
1886
1111
5797
3270
3834
8638
7911
4459
9053
8128
9942
6695
5228
4119
7999
7373
1196
3342
607
3733
6637
9305
4893
2252
383
4621
1796
417
8681
797
5769
4401
5124
8595
8687
6602
674
9581
744
4180
5731
9935
2748
5606
501
6982
5438
1021
1808
7251
9240
9685
5077
9813
9474
4481
277
2286
9991
3905
22
6576
6111
2231
6541
7396
8005
7295
202
5211
7717
8401
4802
8928
7782
7891
7668
833
6891
4382
4644
6578
400
5870
467
3838
2321
6279
197
3454
4989
9126
2139
414
1689
662
6369
7677
1625
4353
4292
6686
8883
4535
4959
2124
1898
2082
7121
9051
816
2925
2062
7015
5957
6138
591
9471
7155
4070
8938
8685
4667
9250
4690
3209
3398
5751
1179
6469
2411
9507
7674
7803
8653
9163
9851
8966
4824
6386
3601
5366
1131
5274
8230
786
9467
8412
6710
5047
7389
2896
9994
6139
1728
4770
2765
4001
5364
2168
4910
3661
6705
9782
8238
1235
470
7038
5342
9243
5501
2780
3866
7383
1950
2215
3790
1667
5222
3742
2012
6571
6118
2846
4087
2791
9837
6754
4640
3702
8357
7852
9535
3029
9584
7187
7392
5935
1935
1620
1008
4236
7436
4775
1330
7871
4186
999
7528
5687
9698
5739
6299
6539
2476
7688
9455
8070
9316
852
9028
6441
3817
5459
7524
207
6977
8440
5312
2412
5816
8015
2348
3444
8837
3658
9539
9639
2806
8864
1004
639
7612
6484
9460
3983
3337
4860
8359
1096
7651
7873
2876
7189
2642
8279
6543
7943
6877
527
8310
8624
3666
8817
5042
1673
